65 0.340833333333333 -0.393333333333333 -0.06 -0.0533333333333333 -0.193333333333333 -0.114166666666667 0.1875 -0.0991666666666667 0.17 -0.160833333333333 2.04583333333333 0.976526652500115 -0.23 -0.354166666666667 0.1 -0.602916666666667 -0.19425 -0.2535 0.379916666666667 0.5325 0.00791666666666668 0.431001644938478 0.225189064134802 -0.383333333333333 50.2416666666667 0.143333333333333 -0.31 -0.0766666666666666 0.111666666666667 0.000833333333333329 -0.496666666666667 -0.225 -0.288333333333333 0.2775 -0.0325 -0.403333333333333 0.370833333333333 -0.413333333333333 1300.48024 650.854026 9.69502082827801 -1.23666666666667 -0.718333333333333 -0.225833333333333 0.708333333333333 -0.370833333333333 -0.513333333333333 0.0525 0.205833333333333 -0.932333333333333 -0.300333333333333 -0.251916666666667 0.00466666666666666 -0.22175 -0.497916666666667 0.14775 0.146333333333333 -4.89666666666667 -0.514166666666667 0.0425 0.126666666666667 0.645833333333333 -0.139166666666667 -0.1525 -0.249166666666667 -0.281666666666667 0.0291666666666666 -0.204166666666667 0.131666666666667 0.560833333333333 0.249166666666667 -0.214166666666667 0.0825 -0.13 0.759166666666667 0.99
89.1666666666667 0.298333333333333 -0.261666666666667 -0.3375 0.114166666666667 0.128333333333333 0.3725 0.11 -0.156666666666667 -0.0491666666666667 -0.238333333333333 1.84833333333333 2.97541918858088 -0.00333333333333335 -0.278333333333333 0.236666666666667 -0.641083333333333 0.115333333333333 -0.035 0.475583333333333 -0.161333333333333 0.242333333333333 0.387559637521907 0.505673205027427 -0.516666666666667 2.225 -0.09 -0.0783333333333334 0.135 0.3625 0.390833333333333 -0.786666666666667 0.0483333333333333 0.223333333333333 0.195 -0.1925 -0.385 0.4 -0.288333333333333 1361.60714 681.398606 11.1030807050134 -0.973333333333333 0.3075 -0.473333333333333 1.13833333333333 -0.1225 0.22 0.4175 -0.150833333333333 -0.8485 -0.22325 -0.178166666666667 -0.0268333333333333 -0.0838333333333333 0.084 0.0815 0.182416666666667 -4.48416666666667 0.348333333333333 -0.07 0.318333333333333 0.545 -0.216666666666667 -0.0858333333333334 -0.0375 -0.136666666666667 0.323333333333333 0.00250000000000001 0.4225 -0.271666666666667 0.414166666666667 -0.0416666666666667 -0.509166666666667 -0.199166666666667 0.659166666666667 0.98
80.8333333333333 -0.04 -0.198333333333333 -0.491666666666667 -0.458333333333333 0.209166666666667 0.0875 0.189166666666667 -0.0075 -0.259166666666667 -0.0633333333333333 2.29583333333333 3.97557132824992 -0.139166666666667 0.06 0.231666666666667 -0.458 0.313166666666667 0.332833333333333 0.02125 0.179 0.590166666666667 0.641390500710636 0.168977128733863 -0.566666666666667 81.7583333333333 -0.171666666666667 0.401666666666667 0.274166666666667 0.189166666666667 0.335833333333333 -0.205 0.2675 -0.235833333333333 -0.330833333333333 0.268333333333333 -0.4075 0.575833333333333 -0.0408333333333333 1557.98194 779.447056 12.5317456563689 0.760833333333333 1.625 0.154166666666667 1.02333333333333 -0.2925 0.121666666666667 -0.0916666666666667 0.0383333333333333 -0.557333333333333 0.0298333333333333 0.0678333333333333 -0.0253333333333333 -0.26875 0.37475 0.39 -0.0298333333333333 -2.75 0.605833333333333 -0.8125 0.369166666666667 -0.0866666666666667 0.0291666666666667 0.28 0.473333333333333 0.0841666666666667 0.640833333333333 -0.0258333333333333 0.2725 0.149166666666667 -0.5425 0.465833333333333 -1.01166666666667 0.950833333333333 0.095 0.93
49.1666666666667 0.610833333333333 -0.0758333333333333 0.226666666666667 0.200833333333333 -0.205 0.330833333333333 -0.0175 0.1475 0.275 -0.0233333333333333 2.46333333333333 -2.02221284272087 0.0383333333333333 -0.563333333333333 -0.015 -0.414916666666667 -0.319333333333333 -0.459916666666667 0.489 -0.325166666666667 -0.59325 0.320868257401282 0.298847778021105 -1.05833333333333 -24.5833333333333 0.1475 -0.543333333333333 -0.3975 0.294166666666667 -0.32 -0.284166666666667 -0.2275 0.618333333333333 -0.1225 -0.114166666666667 -0.2275 -0.0141666666666667 -0.514166666666667 1239.26084 620.278016 3.87600260595121 -2.88666666666667 -1.51 -0.453333333333333 -0.5775 -0.165833333333333 0.486666666666667 0.240833333333333 0.104166666666667 -1.03725 -0.223333333333333 -0.340333333333333 -0.0109166666666667 0.0858333333333334 -0.833083333333333 -0.00866666666666667 0.647333333333333 -5.71583333333333 -0.0633333333333333 0.365 0.1625 1.27416666666667 -0.3775 -0.186666666666667 -0.6625 0.255833333333333 -0.578333333333333 -0.108333333333333 0.525833333333333 -0.309166666666667 1.4125 -0.7075 0.340833333333333 -0.9775 0.3725 0.929
40.8333333333333 0.879166666666667 -0.235833333333333 0.0791666666666667 -0.0883333333333333 -0.341666666666667 0.02 -0.378333333333333 0.116666666666667 0.0991666666666667 -0.184166666666667 3.97416666666667 -3.01999021359072 0.249166666666667 -0.555833333333333 -0.1775 -0.712666666666667 -0.166833333333333 -0.438583333333333 0.409333333333333 0.208166666666667 -0.704583333333333 0.233260796086211 0.313951699172074 -1.86666666666667 -11.2666666666667 0.114166666666667 -0.309166666666667 -0.814166666666667 0.513333333333333 -0.209166666666667 -0.451666666666667 -0.0933333333333334 0.0141666666666667 0.0758333333333333 0.391666666666667 -0.260833333333333 -0.1675 -0.475 1303.34524 652.304226 3.88420334037543 -3.94833333333333 -0.259166666666667 -0.938333333333333 -0.965 -0.603333333333333 -0.0941666666666667 -0.0341666666666667 0.490833333333333 -0.966416666666667 -0.219916666666667 -0.388416666666667 -0.0721666666666667 0.187666666666667 -0.2705 0.02825 0.264666666666667 -5.16583333333333 0.231666666666667 0.274166666666667 0.1525 0.866666666666667 -0.5775 0.1025 -0.400833333333333 0.1225 -0.83 0.133333333333333 0.48 0.335833333333333 1.72583333333333 -0.319166666666667 0.235 -1.02833333333333 0.560833333333333 1.518
32.5 0.768333333333333 -0.233333333333333 0.160833333333333 -0.005 -0.270833333333333 0.329166666666667 -0.338333333333333 -0.144166666666667 0.0775 -0.114166666666667 3.74833333333333 -2.02078391136889 0.303333333333333 -0.581666666666667 -0.00666666666666667 -0.58325 -0.337666666666667 -0.489666666666667 0.38075 -0.2305 -0.367416666666667 0.119032707546011 0.3276276988348 -1.68333333333333 -4.98333333333333 0.215 -0.4175 -0.154166666666667 0.65 -0.135833333333333 -0.1625 0.0258333333333333 0.284166666666667 -0.280833333333333 0.240833333333333 -0.31 -0.0341666666666667 -0.511666666666667 1279.32324 640.304231 4.06267669921869 -3.81083333333333 -0.788333333333333 -0.628333333333333 -0.7125 -0.0783333333333333 0.181666666666667 0.421666666666667 0.588333333333333 -1.00116666666667 -0.324333333333333 -0.464916666666667 -0.0316666666666667 0.248083333333333 -0.419083333333333 0.0201666666666667 0.281416666666667 -5.46166666666667 0.349166666666667 0.353333333333333 0.239166666666667 1.025 -0.593333333333333 -0.0766666666666667 -0.528333333333333 0.125833333333333 -0.655 0.0916666666666667 0.479166666666667 0.0266666666666667 1.84083333333333 -0.963333333333333 -0.304166666666667 -1.19166666666667 0.0766666666666667 1.294
65 0.785833333333333 -0.180833333333333 -0.110833333333333 0.0516666666666667 -0.345833333333333 0.1925 -0.581666666666667 0.205 0.0516666666666667 -0.0975 5.06333333333333 -4.01857756914267 0.41 -0.470833333333333 -0.290833333333333 -0.64125 0.0294166666666667 -0.242083333333333 0.23075 -0.149916666666667 -0.457 0.343361996044608 0.285162766553361 -1.79166666666667 5.61666666666667 -0.0366666666666667 -0.115833333333333 -0.32 0.673333333333333 -0.628333333333333 0.0333333333333333 -0.335833333333333 0.366666666666667 0.0991666666666667 0.0983333333333333 -0.21 -0.183333333333333 -0.371666666666667 1405.43804 703.325691 3.78654918444441 -3.24666666666667 0.484166666666667 -1.5775 -1.32666666666667 -0.154166666666667 0.065 0.390833333333333 0.169166666666667 -0.827 -0.248833333333333 -0.449416666666667 -0.13075 0.343 0.0694166666666666 0.0743333333333333 0.1765 -4.34166666666667 0.873333333333333 0.368333333333333 0.0933333333333333 0.714166666666667 -0.633333333333333 0.275833333333333 -0.173333333333333 0.0308333333333333 -0.986666666666667 0.219166666666667 0.480833333333333 0.169166666666667 1.91416666666667 -0.1725 -0.2225 -1.36666666666667 0.198333333333333 1.306
65 0.750833333333333 -0.253333333333333 -0.0283333333333333 -0.0566666666666667 -0.411666666666667 0.0275 -0.444166666666667 0.1375 -0.0325 -0.194166666666667 3.715 -3.01999021359072 0.250833333333333 -0.496666666666667 -0.218333333333333 -0.602916666666667 -0.190583333333333 -0.287083333333333 0.354916666666667 0.186583333333333 -0.619 0.236466066010535 0.377745147392677 -1.64166666666667 -18.3416666666667 0.183333333333333 -0.183333333333333 -0.584166666666667 0.471666666666667 -0.176666666666667 -0.384166666666667 -0.145833333333333 0.0633333333333333 0.113333333333333 0.283333333333333 -0.275833333333333 -0.115 -0.444166666666667 1345.42584 673.327701 3.88420334037543 -3.39166666666667 0.00833333333333327 -0.968333333333333 -1.01583333333333 -0.599166666666667 -0.205833333333333 0.245833333333333 0.333333333333333 -0.9025 -0.238166666666667 -0.36525 -0.1 0.192583333333333 0.00616666666666663 -0.00691666666666666 0.09925 -4.76083333333333 0.344166666666667 0.209166666666667 0.1825 0.660833333333333 -0.484166666666667 0.183333333333333 -0.263333333333333 0.0491666666666666 -0.806666666666667 0.075 0.436666666666667 0.365 1.38166666666667 -0.27 0.0424999999999999 -1.08666666666667 0.474166666666667 1.506
32.5 0.998333333333333 -0.140833333333333 0.0308333333333333 -0.00416666666666666 -0.351666666666667 0.0733333333333333 -0.435833333333333 0.0733333333333333 -0.114166666666667 -0.223333333333333 4.67833333333333 -3.01999021359072 0.3975 -0.54 -0.201666666666667 -0.814 -0.3135 -0.390166666666667 0.260666666666667 0.158 -0.705 0.113391669890396 0.214621968949782 -2.30833333333333 -11.2666666666667 0.339166666666667 -0.175833333333333 -0.743333333333333 0.603333333333333 -0.116666666666667 -0.355833333333333 -0.0841666666666667 0.123333333333333 0.15 0.2875 -0.188333333333333 -0.1675 -0.478333333333333 1346.37024 673.807136 3.88420334037543 -4.34666666666667 0.22 -0.749166666666667 -1.11833333333333 -0.468333333333333 -0.236666666666667 0.166666666666667 0.248333333333333 -0.911083333333333 -0.15875 -0.390416666666667 -0.10975 0.3025 -0.0710833333333334 -0.007 0.149083333333333 -4.79166666666667 0.4225 0.318333333333333 0.0475 0.755833333333333 -0.6725 0.195 -0.319166666666667 0.256666666666667 -0.8775 0.28 0.510833333333333 0.309166666666667 1.96 0.00916666666666671 0.271666666666667 -1.1125 0.586666666666667 1.864
40.8333333333333 0.891666666666667 -0.2 0.115833333333333 0.175833333333333 -0.321666666666667 0.1525 -0.248333333333333 -0.025 -0.118333333333333 -0.0666666666666667 4.6725 -3.02047014522783 0.265833333333333 -0.5475 -0.17 -0.616916666666667 -0.3995 -0.456916666666667 0.177416666666667 0.10275 -0.57675 0.21727499986736 0.402796933156685 -1.825 -6.59166666666667 0.356666666666667 -0.346666666666667 -0.380833333333333 0.480833333333333 -0.5 0.0791666666666667 -0.245833333333333 0.266666666666667 0.3125 -0.203333333333333 -0.194166666666667 -0.0325 -0.529166666666667 1316.30354 658.789281 3.69899245704887 -3.54333333333333 -0.519166666666667 -0.7425 -0.895833333333333 0.0191666666666666 -0.3475 0.264166666666667 -0.0633333333333334 -0.956333333333333 -0.257416666666667 -0.514666666666667 -0.0875 0.309166666666667 -0.389583333333333 0.05 0.169333333333333 -5.08666666666667 0.166666666666667 0.565 0.0441666666666667 0.945 -0.581666666666667 0.0333333333333333 -0.446666666666667 0.1275 -0.835833333333333 0.156666666666667 0.415833333333333 0.244166666666667 1.84666666666667 -0.1025 0.3525 -1.1075 0.6525 1.736
40.8333333333333 0.598333333333333 0.0975 -0.101666666666667 -0.0683333333333333 0.285833333333333 0.353333333333333 0.328333333333333 0.11 0.13 -0.0266666666666667 4.89 1.97634873912417 0.17 -0.220833333333333 0.253333333333333 -0.507833333333333 -0.185833333333333 -0.18575 0.352416666666667 -0.2285 0.322416666666667 0.270595995356343 0.397760054164429 -1.775 79.325 0.199166666666667 -0.085 0.145 0.571666666666667 -0.551666666666667 -0.118333333333333 0.395833333333333 0.290833333333333 -0.189166666666667 0.0233333333333334 -0.158333333333333 0.270833333333333 -0.12 1406.52394 703.865996 11.0536330736562 -2.45583333333333 0.251666666666666 0.470833333333333 0.316666666666667 0.268333333333333 0.8175 0.149166666666667 -0.0383333333333333 -0.788083333333333 0.0855 -0.16975 -0.0135 -0.0771666666666667 -0.639416666666667 0.285666666666667 0.812416666666667 -4.16916666666667 0.915 -0.0733333333333333 -0.0175 0.96 -0.540833333333333 0.125833333333333 -0.21 0.681666666666667 0.118333333333333 0.115833333333333 0.683333333333333 -0.240833333333333 1.53166666666667 -0.0408333333333333 -0.8 -0.284166666666667 0.174166666666667 1.008
32.5 0.296666666666667 -0.11 -0.0208333333333333 0.184166666666667 0.275 0.195833333333333 0.0825 -0.285833333333333 0.0141666666666667 -0.220833333333333 2.1975 3.18501883190121 0.106666666666667 -0.293333333333333 0.385 -0.203 -0.1565 -0.2355 0.0263333333333333 -0.2395 0.324083333333333 0.263590853439684 0.322259948823064 -0.933333333333333 9.3 0.14 -0.133333333333333 0.261666666666667 0.371666666666667 0.4225 -0.164166666666667 0.231666666666667 0.1075 0.045 0.0991666666666667 -0.3025 0.423333333333333 -0.335833333333333 1363.59754 710.871903 10.5130690898865 -1.3325 -0.104166666666667 0.454166666666667 0.84 0.328333333333333 0.126666666666667 0.19 0.135 -0.8345 -0.211083333333333 -0.144916666666667 -0.0421666666666667 -0.0261666666666667 -0.16575 0.235333333333333 0.126416666666667 -4.54166666666667 0.0991666666666666 -0.185833333333333 0.110833333333333 0.595833333333333 -0.2925 -0.23 -0.158333333333333 0.0716666666666666 0.371666666666667 0.256666666666667 0.27 -0.0608333333333333 0.921666666666667 -0.3925 -0.316666666666667 0.164166666666667 -0.0741666666666666 0.856
145.833333333333 -0.3425 -0.501666666666667 -0.5525 -0.214166666666667 -0.0275 -0.0366666666666667 0.241666666666667 0.0341666666666667 0.11 -0.005 0.00333333333333329 2.97478079273941 -0.426666666666667 -0.0991666666666667 0.175833333333333 -0.355 0.341 0.261833333333333 0.493416666666667 0.195416666666667 0.563166666666667 0.638956079078544 0.50887374554568 0.783333333333333 -1.5 -0.330833333333333 0.0233333333333333 0.57 -0.00916666666666668 0.311666666666667 -0.635 0.0158333333333333 -0.155 -0.114166666666667 0.2725 -0.565 0.578333333333333 -0.1375 1416.83164 708.941591 10.9018003846848 1.585 0.114166666666667 -0.475833333333333 1.2925 -0.515833333333333 0.0983333333333333 0.413333333333333 0.08 -0.75525 -0.248166666666667 0.0299166666666667 0.0575833333333333 -0.448833333333333 0.125333333333333 0.110916666666667 -0.0129166666666667 -3.95083333333333 0.0908333333333333 -0.5425 0.6025 0.133333333333333 0.2575 -0.0158333333333334 0.211666666666667 -0.466666666666667 0.565 -0.5225 0.175833333333333 0.1775 -1.22083333333333 -0.541666666666667 -1.08 0.283333333333333 0.195 0.856
97.5 0.0958333333333333 -0.1875 -0.343333333333333 -0.085 0.430833333333333 0.1125 0.136666666666667 0.248333333333333 -0.200833333333333 -0.1325 2.91583333333333 3.18596466934842 -0.04 -0.0741666666666667 0.269166666666667 -0.126833333333333 0.37075 0.0254166666666667 0.198 -0.08325 0.40375 0.56713254123465 0.270345862813041 -0.675 88.525 -0.250833333333333 0.150833333333333 -0.0416666666666667 0.249166666666667 0.00916666666666668 -0.290833333333333 0.5625 -0.0416666666666667 0.0783333333333333 0.834166666666667 -0.366666666666667 0.2925 -0.03 1469.82964 763.923943 10.7779889852939 -0.0575000000000001 0.851666666666667 0.125833333333333 0.475 0.0425 0.5875 -0.385 -0.07 -0.712416666666667 0.100083333333333 0.049 0.00875 -0.2185 0.258166666666667 0.407583333333333 0.269833333333333 -3.79666666666667 0.970833333333333 -0.713333333333333 0.4475 0.316666666666667 -0.149166666666667 0.1 0.188333333333333 0.3325 0.380833333333333 0.24 0.55 -0.0783333333333334 0.439166666666667 -0.0158333333333333 -0.806666666666667 0.628333333333333 -0.0308333333333333 0.992
80.8333333333333 -0.0425 -0.260833333333333 -0.120833333333333 -0.14 -0.264166666666667 -0.213333333333333 0.35 -0.168333333333333 0.2675 -0.0283333333333333 -0.0766666666666667 1.97399025722891 -0.353333333333333 -0.2875 0.184166666666667 -0.579666666666667 -0.405083333333333 -0.02 0.45725 0.338666666666667 0.218416666666667 0.408088676230676 0.0640054812582791 -0.025 18.4333333333333 0.345 -0.21 0.414166666666667 -0.0183333333333334 0.450833333333333 -0.7175 0.0358333333333333 -0.115833333333333 -0.2475 0.318333333333333 -0.38 0.506666666666667 -0.36 1321.58244 661.379346 9.93014123799581 -0.335 -0.964166666666667 0.64 0.914166666666667 -0.706666666666667 -0.1525 0.723333333333333 0.259166666666667 -0.862166666666667 -0.300166666666667 -0.00308333333333333 0.0388333333333333 -0.4185 -0.609333333333333 -0.072 0.144583333333333 -4.545 -0.801666666666667 -0.153333333333333 0.18 0.516666666666667 0.100833333333333 -0.1375 -0.191666666666667 -0.189166666666667 0.3675 -0.595 0.151666666666667 0.401666666666667 -0.7125 -0.773333333333333 -0.435 -0.0425 0.178333333333333 0.984
48.3333333333333 -0.29 0.075 -0.156666666666667 -0.0758333333333333 0.119166666666667 -0.1475 0.00166666666666666 -0.230833333333333 -0.035 0.104166666666667 1.32583333333333 0.943650593338254 -0.0583333333333333 -0.0616666666666667 -0.00916666666666667 -0.236333333333333 -0.166833333333333 0.280083333333333 -0.352166666666667 -0.0330833333333333 0.375666666666667 0.428566694873849 0.406397577507514 -0.375 -1.5 0.2925 0.278333333333333 0.530833333333333 -0.134166666666667 0.124166666666667 0.225 0.0625 -0.176666666666667 -0.165 -0.00749999999999998 -0.100833333333333 0.6825 -0.3325 1559.82084 808.871053 8.50654861818054 1.33166666666667 0.7325 0.57 0.0975 0.33 -0.341666666666667 0.474166666666667 0.0891666666666667 -0.540416666666667 -0.07875 0.0639166666666667 -0.0594166666666667 -0.0725 -0.136916666666667 0.0684166666666667 -0.18775 -2.64583333333333 -0.271666666666667 -0.0983333333333333 -0.1425 0.1475 0.1575 0.175833333333333 0.313333333333333 -0.0591666666666667 0.291666666666667 0.0216666666666667 -0.419166666666667 0.0625 -0.768333333333333 0.363333333333333 -0.0491666666666667 0.223333333333333 -0.375 0.968
40.8333333333333 0.748333333333333 -0.173333333333333 -0.1375 0.0183333333333333 -0.116666666666667 -0.285833333333333 0.28 -0.364166666666667 -0.285 -0.0116666666666667 2.62583333333333 1.21598919034165 0.0516666666666666 -0.3825 0.106666666666667 -0.450833333333333 -0.5015 -0.30625 0.044 0.869333333333333 -0.297666666666667 0.356887240964979 0.0796247706158466 -1.75 6.36666666666667 0.503333333333333 -0.165833333333333 -0.354166666666667 0.21 0.4875 -0.24 0.1475 -0.46 0.52 -0.4575 -0.190833333333333 0.525833333333333 -0.494166666666667 1330.46594 665.846741 9.7020019458092 -2.60083333333333 -0.21 0.608333333333333 0.846666666666667 -0.514166666666667 -0.868333333333333 -0.0383333333333333 -0.490833333333333 -0.88675 -0.221333333333333 -0.28925 -0.161 0.03025 -0.199916666666667 0.12125 -0.15375 -4.60416666666667 -0.655 0.145 -0.0608333333333333 0.421666666666667 -0.308333333333333 -0.124166666666667 -0.241666666666667 0.0491666666666666 0.0616666666666666 -0.115833333333333 0.3025 0.661666666666667 0.615833333333333 0.2675 0.246666666666667 0.0316666666666667 1.13583333333333 0.968
97.5 0.415 -0.23 -0.441666666666667 -0.333333333333333 -0.00583333333333334 -0.435 0.305 0.0391666666666667 -0.25 -0.249166666666667 3.29666666666667 3.21661809938014 -0.055 -0.0541666666666667 0.201666666666667 -0.368416666666667 -0.06775 0.117583333333333 0.313 1.03741666666667 0.2025 0.307489195973783 0.229886925723727 -1.40833333333333 96.1666666666667 0.249166666666667 0.290833333333333 -0.3125 0.223333333333333 0.113333333333333 -0.721666666666667 0.379166666666667 -0.765 0.413333333333333 0.611666666666667 -0.335 0.393333333333333 -0.0683333333333333 1469.79644 735.456781 11.6509132992178 -1.34833333333333 1.28 0.6 0.93 -1.02 -0.486666666666667 -0.216666666666667 -0.158333333333333 -0.656916666666667 -0.00825 -0.0184166666666667 -0.165166666666667 -0.3255 0.283416666666667 0.325083333333333 -0.0275833333333333 -3.2375 0.176666666666667 -0.613333333333333 0.0916666666666666 -0.0425 -0.176666666666667 0.368333333333333 0.285 0.1725 0.403333333333333 -0.105 0.540833333333333 0.995833333333333 0.0208333333333333 0.5475 -0.728333333333333 0.695 0.803333333333333 0.92
56.6666666666667 0.4625 0.220833333333333 -0.215833333333333 -0.1325 0.159166666666667 0.085 0.223333333333333 -0.0141666666666667 -0.268333333333333 0.17 3.88583333333333 2.21614133001069 0.161666666666667 -0.115833333333333 0.1 -0.533833333333333 -0.213166666666667 0.05375 -0.0913333333333333 0.0806666666666667 0.290666666666667 0.301977554018687 0.201735465727224 -1.75833333333333 62.5 0.284166666666667 0.208333333333333 0.171666666666667 0.321666666666667 0.045 0.0833333333333333 0.21 -0.0258333333333333 0.0416666666666667 -0.289166666666667 -0.0166666666666667 0.545833333333333 -0.271666666666667 1504.67414 752.897631 12.5001301608992 -1.205 1.00083333333333 0.72 0.405 0.209166666666667 0.178333333333333 0.163333333333333 -0.455 -0.620166666666667 0.04225 -0.159416666666667 -0.189916666666667 0.01375 -0.1175 0.394333333333333 0.297833333333333 -3.0025 0.2625 -0.03 -0.235833333333333 0.425833333333333 -0.3025 0.2 0.11 0.4 0.278333333333333 0.111666666666667 0.436666666666667 0.0508333333333333 0.689166666666667 0.616666666666667 -0.648333333333333 0.3875 0.428333333333333 1.008
65 0.515833333333333 -0.0141666666666667 -0.616666666666667 -0.0516666666666667 0.4825 0.248333333333333 0.1825 -0.0575 -0.259166666666667 -0.0975 4.63583333333333 4.21582440160197 0.306666666666667 -0.0683333333333333 0.335 -0.467416666666667 0.301583333333333 0.106833333333333 0.06925 -0.0370833333333333 0.54325 0.327724518617707 0.533879086454562 -1.81666666666667 38.6666666666667 -0.125833333333333 0.325 0.0908333333333334 0.635833333333333 0.286666666666667 -0.249166666666667 0.27 -0.106666666666667 0.121666666666667 0.0666666666666667 -0.251666666666667 0.485 -0.07 1524.80744 762.930621 12.5317466281816 -1.42 2.06833333333333 -0.0533333333333333 1.13416666666667 0.26 0.275833333333333 -0.204166666666667 -0.293333333333333 -0.623083333333333 0.154666666666667 -0.0859166666666667 -0.1335 0.0506666666666667 0.439833333333333 0.384833333333333 0.17775 -3.1875 1.25666666666667 -0.4775 0.1475 0.189166666666667 -0.465833333333333 0.243333333333333 0.314166666666667 0.321666666666667 0.519166666666667 0.4425 0.559166666666667 -0.104166666666667 1.07666666666667 0.715 -1.03666666666667 0.5275 0.468333333333333 1.008
0 0.7675 -0.0833333333333333 0.03 0.436666666666667 0.23 0.114166666666667 0.025 -0.36 -0.320833333333333 0.0558333333333333 3.61083333333333 0.185494224514295 0.315 -0.499166666666667 0.151666666666667 -0.432916666666667 -0.5105 -0.56025 -0.402083333333333 0.0804166666666667 -0.243416666666667 0.187302156637929 0.133038951474178 -1.69166666666667 49.2666666666667 0.574166666666667 -0.316666666666667 -0.110833333333333 0.279166666666667 0.414166666666667 0.439166666666667 -0.413333333333333 -0.1375 0.265833333333333 -0.601666666666667 -0.2075 0.524166666666667 -0.659166666666667 1332.38494 695.267158 7.35904751276862 -2.59166666666667 -0.420833333333333 0.2375 0.324166666666667 0.844166666666667 -0.805833333333333 -0.108333333333333 -0.665833333333333 -0.957166666666667 -0.0735 -0.395333333333333 -0.0745833333333333 0.42175 -0.311833333333333 0.1855 -0.162166666666667 -5.1125 -0.193333333333333 0.314166666666667 -0.125833333333333 0.706666666666667 -0.495833333333333 -0.423333333333333 -0.389166666666667 0.143333333333333 -0.195 0.489166666666667 -0.0775 0.00499999999999999 1.66 0.341666666666667 1.04083333333333 -0.2825 0.630833333333333 1.088
32.5 0.500833333333333 0.458333333333333 -0.461666666666667 -0.123333333333333 0.309166666666667 -0.430833333333333 0.434166666666667 -0.0183333333333333 -0.206666666666667 0.139166666666667 5.99583333333333 4.69664115217945 0.290833333333333 0.17 0.325 -0.421 -0.02825 0.308166666666667 -0.5725 0.536916666666667 0.804583333333333 0.489888789924192 0.559848134310027 -2.55833333333333 124.783333333333 0.239166666666667 0.68 0.29 0.465 -0.0674999999999999 0.43 -0.145 -0.445833333333333 0.343333333333333 0.278333333333333 0.0975 0.613333333333333 -0.0466666666666667 1675.92524 838.466876 12.9771266529211 -0.694166666666667 2.825 1.2325 0.9675 0.266666666666667 -0.3225 -0.345833333333333 -0.615 -0.30025 0.204166666666667 -0.01925 -0.416 -0.0631666666666667 0.1335 0.811083333333333 0.122 -1.15416666666667 0.276666666666667 -0.4675 -0.721666666666667 -0.155833333333333 -0.41 0.5625 0.611666666666667 0.405 0.7375 0.476666666666667 0.52 0.916666666666667 0.9725 1.59166666666667 -1.00833333333333 1.86 0.243333333333333 0.96
80.8333333333333 0.065 0.4375 -0.31 -0.0508333333333333 0.163333333333333 0.06 -0.0333333333333333 -0.0208333333333333 -0.2025 0.2825 3.53333333333333 1.4571881011409 0.23 0.0375 -0.00833333333333333 -0.49675 0.228666666666667 0.40225 -0.27175 -0.206833333333333 0.41725 0.170267945262893 0.415619131955099 -1.29166666666667 106.133333333333 -0.0875 0.525833333333333 0.245833333333333 0.165 -0.140833333333333 0.126666666666667 -0.3975 -0.0241666666666667 -0.0433333333333333 0.2325 0.0875 0.528333333333333 -0.311666666666667 1645.84654 823.426551 10.401269388475 0.818333333333333 2.00666666666667 0.0283333333333333 -0.00583333333333341 0.3775 0.191666666666667 0.110833333333333 -0.449166666666667 -0.367583333333333 0.0178333333333333 -0.132083333333333 -0.384333333333333 0.138166666666667 0.179666666666667 0.538833333333333 0.126 -1.54083333333333 0.1125 0.0383333333333333 -0.473333333333333 0.139166666666667 -0.085 0.461666666666667 0.518333333333333 0.0533333333333333 0.261666666666667 0.304166666666667 0.216666666666667 -0.00583333333333333 0.215 1.10416666666667 -0.695 0.940833333333333 0.04 0.976
89.1666666666667 0.301666666666667 0.0383333333333333 -0.230833333333333 -0.075 -0.126666666666667 -0.163333333333333 0.0491666666666667 -0.0908333333333333 -0.366666666666667 0.0875 2.57583333333333 0.21693819005652 0.0441666666666667 -0.165 -0.100833333333333 -0.383083333333333 -0.204333333333333 0.115333333333333 0.00491666666666664 0.524916666666667 -0.125833333333333 0.347676330217571 0.391350174351987 -1.16666666666667 30.225 0.316666666666667 0.2 -0.176666666666667 0.000833333333333343 0.0375 -0.190833333333333 -0.0683333333333334 -0.346666666666667 0.325833333333333 -0.0983333333333333 -0.0858333333333333 0.500833333333333 -0.410833333333333 1488.66874 744.888936 7.55090299660928 -0.5575 0.7125 0.231666666666667 0.0558333333333333 -0.349166666666667 -0.518333333333333 0.1175 -0.515 -0.63825 -0.106166666666667 -0.194416666666667 -0.252 0.0341666666666667 0.114083333333333 0.22375 -0.109 -3.06583333333333 -0.313333333333333 0.0841666666666667 -0.175833333333333 0.1975 -0.0475 0.244166666666667 0.165 0.0275 -0.02 -0.0641666666666667 0.170833333333333 0.419166666666667 -0.0841666666666667 0.696666666666667 -0.0766666666666666 0.195 0.718333333333333 0.894
65 0.218333333333333 0.305833333333333 -0.315 -0.256666666666667 0.223333333333333 0.17 0.0633333333333333 0.174166666666667 -0.0358333333333333 -0.19 2.86666666666667 3.21646279744343 0.131666666666667 0.0141666666666667 0.161666666666667 -0.296 0.228916666666667 0.322833333333333 0.190416666666667 -0.1415 0.265666666666667 0.422328514462467 0.121083572195053 -1.44166666666667 45.3083333333333 -0.135833333333333 0.449166666666667 -0.241666666666667 0.316666666666667 0.230833333333333 -0.591666666666667 0.439166666666667 0.095 -0.0583333333333333 0.334166666666667 -0.0441666666666667 0.3475 -0.0933333333333333 1555.84594 778.446416 11.0795195290874 -0.686666666666667 1.80083333333333 0.421666666666667 0.341666666666667 -0.396666666666667 0.7225 -0.14 0.185833333333333 -0.50225 0.107333333333333 0.10125 -0.217416666666667 -0.171916666666667 0.2735 0.360583333333333 0.465166666666667 -2.44583333333333 0.650833333333333 -0.529166666666667 -0.111666666666667 0.2325 -0.165 0.4475 0.36 0.44 0.441666666666667 0.226666666666667 0.565 -0.134166666666667 0.291666666666667 0.6475 -0.9325 0.69 0.1125 0.941
32.5 0.130833333333333 0.176666666666667 -0.2575 -0.351666666666667 0.215833333333333 0.241666666666667 0.0141666666666667 0.0966666666666667 -0.0166666666666667 -0.0641666666666667 2.5775 1.97557449051758 0.095 -0.0558333333333333 0.133333333333333 -0.228 0.106666666666667 0.2335 -0.0201666666666667 -0.238666666666667 0.142416666666667 0.555129543669366 0.325372944094713 -1.25833333333333 110.4 -0.02 0.319166666666667 -0.139166666666667 0.229166666666667 0.311666666666667 -0.141666666666667 0.221666666666667 0.0425 -0.589166666666667 0.1775 -0.175833333333333 0.426666666666667 -0.186666666666667 1542.83414 771.881416 10.2436380551646 -0.595833333333333 1.36166666666667 0.31 0.085 -0.109166666666667 0.464166666666667 -0.241666666666667 0.463333333333333 -0.572833333333333 0.190916666666667 0.101666666666667 -0.0689166666666667 -0.0615833333333333 0.0536666666666666 0.228583333333333 0.313916666666667 -2.94833333333333 0.69 -0.623333333333333 0.11 0.273333333333333 -0.108333333333333 0.326666666666667 0.240833333333333 0.464166666666667 0.279166666666667 0.215 0.179166666666667 -0.278333333333333 0.115833333333333 0.435 -0.500833333333333 0.466666666666667 -0.169166666666667 0.941
32.5 0.281666666666667 0.519166666666667 0.214166666666667 -0.0733333333333333 0.035 0.214166666666667 0.0525 -0.0808333333333333 -0.0266666666666667 0.2425 1.97 0.45703596147186 0.165833333333333 -0.228333333333333 0.0916666666666667 -0.1795 -0.277166666666667 -0.0459166666666667 -0.0455 -0.302333333333333 -0.212166666666667 0.401152807820812 0.300430223567236 -1.46666666666667 2.61666666666667 0.208333333333333 0.0316666666666667 -0.255833333333333 0.055 0.163333333333333 -0.0175 -0.186666666666667 0.123333333333333 -0.540833333333333 0.236666666666667 0.07 0.416666666666667 -0.559166666666667 1451.56374 726.344361 7.71297658370646 -1.06333333333333 -0.0741666666666668 0.8375 -0.366666666666667 0.00333333333333332 0.523333333333333 -0.1325 -0.0316666666666667 -0.644583333333333 -0.03625 -0.17975 -0.32025 0.134416666666667 -0.51575 0.4175 0.479333333333333 -3.3175 -0.546666666666667 0.0766666666666667 -0.4025 0.726666666666667 -0.0991666666666666 0.0625 -0.144166666666667 0.426666666666667 0.0291666666666666 0.1025 0.330833333333333 -0.243333333333333 0.6 0.119166666666667 -0.0866666666666667 0.596666666666667 -0.0775 0.953
113.333333333333 -0.0108333333333333 -0.5175 -0.260833333333333 -0.0833333333333333 0.0116666666666667 -0.3925 0.2175 0.0266666666666667 0.09 0.163333333333333 0.878333333333333 2.18533259804227 -0.351666666666667 -0.254166666666667 0.145 -0.487333333333333 0.06075 -0.160583333333333 0.0838333333333333 0.484583333333333 0.473833333333333 0.603593966016023 0.194413579773181 0.258333333333333 42.9083333333333 -0.105833333333333 -0.221666666666667 0.501666666666667 0.0133333333333333 0.3025 -0.1025 -0.0883333333333334 -0.449166666666667 0.245833333333333 0.0883333333333333 -0.479166666666667 0.595 -0.296666666666667 1346.65684 702.400623 9.83431237505511 0.585 -0.575833333333333 -0.0675 1.16416666666667 -0.101666666666667 -0.338333333333333 0.251666666666667 -0.24 -0.88 -0.344166666666667 -0.148416666666667 0.0394166666666667 -0.335166666666667 -0.175416666666667 0.327166666666667 -0.108916666666667 -4.57583333333333 -0.5025 -0.219166666666667 0.303333333333333 0.311666666666667 0.0241666666666667 -0.333333333333333 -0.0441666666666667 -0.511666666666667 0.395833333333333 -0.363333333333333 0.0958333333333333 0.619166666666667 -0.3225 -0.605 -0.455833333333333 0.340833333333333 0.311666666666667 0.976
56.6666666666667 0.04 -0.0608333333333334 -0.2175 -0.3625 -0.0291666666666667 -0.2325 0.208333333333333 -0.00666666666666667 0.000833333333333339 -0.0233333333333333 3.25416666666667 1.97588509439099 -0.135833333333333 0.0025 0.0925 -0.516416666666667 -0.0885 0.248666666666667 -0.0606666666666667 0.437166666666667 0.443833333333333 0.161920696447287 0.520652073916706 -0.858333333333333 10.25 0.216666666666667 0.3 0.25 0.0825 -0.279166666666667 -0.03 -0.0858333333333333 -0.376666666666667 -0.116666666666667 0.329166666666667 -0.239166666666667 0.474166666666667 -0.1575 1545.82554 773.408981 11.053632952344 0.245 1.1425 0.415 0.38 -0.185833333333333 -0.37 0.07 0.241666666666667 -0.544333333333333 -0.0121666666666667 -0.01775 -0.0829166666666667 -0.25525 -0.2375 0.330583333333333 0.0730833333333333 -2.60833333333333 -0.0275 -0.358333333333333 -0.0866666666666667 0.1525 -0.0275 0.405 0.334166666666667 0.0533333333333333 0.326666666666667 -0.0375 0.05 0.631666666666667 -0.289166666666667 0.6275 -0.49 0.7075 0.121666666666667 1
56.6666666666667 0.243333333333333 -0.2675 0.0391666666666667 -0.285 -0.3825 -0.184166666666667 0.365 0.1675 -0.145833333333333 -0.200833333333333 1.085 0.976526652500115 -0.446666666666667 -0.270833333333333 0.06 -0.295333333333333 -0.561166666666667 -0.2035 0.324583333333333 0.763083333333333 -0.239666666666667 0.143304723275796 0.61848343089083 -0.4 71.6416666666667 0.514166666666667 -0.215833333333333 -0.2775 -0.154166666666667 0.3275 -0.394166666666667 0.409166666666667 -0.139166666666667 -0.0133333333333333 0.31 -0.350833333333333 0.361666666666667 -0.338333333333333 1313.58054 657.355346 9.69502082827801 -1.215 -1.24916666666667 1.12083333333333 0.1525 -0.946666666666667 -0.333333333333333 -0.185833333333333 0.139166666666667 -0.914666666666667 -0.0904166666666667 0.0320833333333333 0.085 -0.48075 -0.450666666666667 0.131083333333333 0.2295 -4.78333333333333 -0.556666666666667 -0.539166666666667 0.246666666666667 0.473333333333333 0.0933333333333334 -0.126666666666667 -0.304166666666667 0.325 0.0283333333333333 -0.443333333333333 0.338333333333333 0.665833333333333 -0.419166666666667 -0.434166666666667 0.0566666666666667 0.199166666666667 0.445833333333333 1.012
154.166666666667 -0.0875 -0.59 -0.330833333333333 -0.105 -0.0375 -0.22 0.0633333333333333 0.0416666666666667 -0.208333333333333 -0.0766666666666667 0.743333333333333 0.946336867201586 -0.3075 -0.176666666666667 0.0075 -0.05625 0.101416666666667 0.0431666666666667 0.315583333333333 0.584166666666667 0.156083333333333 0.265509160961344 0.329380982176236 0.391666666666667 64.525 -0.0391666666666667 -0.0308333333333333 0.225 -0.095 -0.16 -0.310833333333333 0.2775 -0.3825 0.405833333333333 -0.0691666666666667 -0.514166666666667 0.480833333333333 -0.164166666666667 1394.73854 726.423763 8.54511589385965 0.745 -0.214166666666667 -0.319166666666667 0.685833333333333 -0.638333333333333 -0.300833333333333 0.433333333333333 -0.510833333333333 -0.817416666666667 -0.363083333333333 -0.141166666666667 -0.00191666666666667 -0.29375 0.2955 0.145083333333333 -0.261166666666667 -4.22583333333333 -0.0141666666666667 -0.2975 0.508333333333333 0.1325 0.1525 -0.0433333333333333 0.113333333333333 -0.341666666666667 0.143333333333333 -0.501666666666667 0.181666666666667 0.465 -0.786666666666667 -0.38 -0.464166666666667 -0.258333333333333 0.419166666666667 0.953
0 0.543333333333333 0.615833333333333 -0.065 -0.26 0.4125 0.365 0.185833333333333 -0.095 -0.29 -0.251666666666667 5.07916666666667 4.97461916626739 0.450833333333333 0.105833333333333 0.365833333333333 -0.652833333333333 -0.297666666666667 0.403166666666667 -0.234833333333333 -0.483166666666667 0.457916666666667 0.482855893662597 0.454481238886921 -2.89166666666667 60.9166666666667 0.523333333333333 0.709166666666667 0.0683333333333334 0.6175 -0.0383333333333333 -0.206666666666667 0.4225 0.438333333333333 -0.3325 -0.145 0.0925 0.31 -0.00250000000000001 1649.87824 825.442206 11.7684204716986 -1.92416666666667 2.88333333333333 1.42583333333333 0.44 0.0675 0.708333333333333 0.533333333333333 -0.1 -0.343666666666667 0.22125 0.029 -0.2705 0.0443333333333333 0.00416666666666663 0.396166666666667 0.49525 -1.52 0.813333333333333 -0.341666666666667 -0.420833333333333 0.321666666666667 -0.500833333333333 0.765833333333333 0.465833333333333 0.96 0.655833333333333 0.525833333333333 0.725833333333333 -0.325833333333333 1.15416666666667 1.56583333333333 -0.781666666666667 0.925 0.0325 0.929
8.33333333333333 0.433333333333333 0.0341666666666666 0.154166666666667 -0.22 0.430833333333333 -0.06 0.295833333333333 -0.1475 0.0816666666666667 -0.0958333333333333 3.7675 4.18517097157025 0.095 -0.145 0.478333333333333 -0.38275 -0.202166666666667 -0.224166666666667 -0.118833333333333 0.07475 0.476333333333333 0.423068067224498 0.26729254820297 -1.675 54.7916666666667 0.233333333333333 0.0141666666666667 0.0625 0.389166666666667 -0.07 0.00916666666666666 0.258333333333333 -0.323333333333333 -0.231666666666667 0.404166666666667 -0.260833333333333 0.393333333333333 -0.181666666666667 1426.66224 742.388583 11.6515910241005 -1.63583333333333 0.505 1.11833333333333 0.888333333333333 0.196666666666667 0.239166666666667 -0.190833333333333 0.234166666666667 -0.718583333333333 -0.042 -0.13875 -0.0859166666666667 -0.138583333333333 -0.56425 0.575666666666667 0.38025 -3.79916666666667 -0.00249999999999999 -0.36 -0.113333333333333 0.62 -0.405833333333333 0.0216666666666667 -0.0433333333333334 0.400833333333333 0.561666666666667 0.288333333333333 0.41 0.314166666666667 1.195 0.136666666666667 -0.379166666666667 0.9475 -0.0566666666666667 0.929
16.6666666666667 0.608333333333333 -0.295 0.0333333333333333 -0.136666666666667 0.395 0.0858333333333333 0.3275 0.0366666666666667 -0.0375 -0.2075 3.055 3.94476259628151 -0.0616666666666667 -0.2975 0.431666666666667 -0.476916666666667 -0.086 -0.405416666666667 0.06325 0.03575 0.147666666666667 0.136278412142866 0.165144358074813 -1.43333333333333 40.425 0.05 -0.229166666666667 -0.2375 0.446666666666667 0.3075 -0.154166666666667 0.599166666666667 0.0958333333333333 0.0291666666666667 -0.0116666666666667 -0.419166666666667 0.251666666666667 -0.141666666666667 1317.59024 687.858273 11.0810974411231 -2.2925 -0.0866666666666668 0.62 1.06083333333333 -0.0391666666666667 0.378333333333333 -0.3025 0.0708333333333333 -0.94275 -0.0465 -0.09475 0.1315 -0.205833333333333 -0.388333333333333 0.34925 0.384666666666667 -5.17916666666667 0.361666666666667 -0.4975 0.4425 0.736666666666667 -0.454166666666667 -0.214166666666667 -0.271666666666667 0.444166666666667 0.425 0.178333333333333 0.643333333333333 0.00083333333333332 1.27916666666667 -0.159166666666667 -0.105833333333333 0.49 0.380833333333333 0.918
113.333333333333 -0.00083333333333332 -0.6225 -0.414166666666667 -0.328333333333333 -0.0725 -0.1175 0.2125 -0.201666666666667 -0.0541666666666667 -0.0933333333333333 0.976666666666667 2.97557449051758 -0.289166666666667 -0.19 0.250833333333333 -0.3665 0.02075 0.00966666666666668 0.3985 0.612083333333333 0.452666666666667 0.312900669389352 0.524968202753594 0.133333333333333 12.15 0.00666666666666668 -0.0775 0.4325 0.118333333333333 0.395 -0.501666666666667 0.035 -0.6225 -0.155 0.1875 -0.6525 0.623333333333333 -0.231666666666667 1368.74424 684.923401 11.8230626848527 0.0458333333333333 -0.0841666666666667 -0.138333333333333 1.4025 -0.580833333333333 -0.4525 0.255 0.1725 -0.844916666666667 -0.292416666666667 -0.140333333333333 0.0364166666666667 -0.328833333333333 0.0886666666666667 0.183916666666667 -0.213166666666667 -4.41916666666667 -0.0566666666666667 -0.519166666666667 0.545 0.120833333333333 0.065 -0.108333333333333 0.0641666666666666 -0.41 0.468333333333333 -0.440833333333333 0.110833333333333 0.601666666666667 -0.69 -0.58 -0.881666666666667 0.183333333333333 0.4 0.99
81.6666666666667 0.0325 -0.648333333333333 -0.264166666666667 -0.3525 0.095 -0.00666666666666667 0.300833333333333 0.0308333333333333 0.428333333333333 0.160833333333333 -0.281666666666667 1.97557765278524 -0.525833333333333 -0.361666666666667 0.195833333333333 -0.34375 0.546083333333333 -0.2885 0.488083333333333 0.273083333333333 0.0630833333333333 0.221282979396375 0.269190050263289 0.541666666666667 41.875 -0.800833333333333 -0.515833333333333 -0.181666666666667 0.0341666666666667 0.528333333333333 -0.4 0.085 -0.2625 -0.239166666666667 -0.124166666666667 -0.6225 0.5225 -0.331666666666667 1244.57644 622.846306 10.8053935283569 0.179166666666667 -1.2175 -0.926666666666667 1.44833333333333 -0.496666666666667 0.3025 -0.661666666666667 0.516666666666667 -1.04825 -0.303583333333333 -0.125666666666667 0.180583333333333 -0.383083333333333 -0.461 0.235916666666667 0.277166666666667 -5.8025 -0.298333333333333 -0.435833333333333 0.809166666666667 0.67 0.0883333333333334 -0.499166666666667 -0.316666666666667 -0.474166666666667 0.361666666666667 -0.485 0.175833333333333 0.00583333333333334 -0.4375 -1.0375 -0.36 0.33 0.54 0.941
121.666666666667 -0.0641666666666666 -0.283333333333333 -0.0216666666666667 0.0541666666666667 0.025 0.0583333333333333 -0.111666666666667 -0.09 -0.324166666666667 -0.0275 1.4925 -0.0539683133272378 -0.0991666666666667 -0.209166666666667 -0.0458333333333333 -0.0845 -0.128833333333333 0.02725 0.107083333333333 0.127583333333333 -0.00958333333333332 0.399802244312217 0.314185768851907 0.0416666666666666 25.55 0.235 -0.0133333333333333 0.136666666666667 -0.168333333333333 -0.383333333333333 -0.119166666666667 -0.109166666666667 -0.245833333333333 0.240833333333333 -0.0925 -0.3425 0.4425 -0.3975 1429.65664 743.877183 6.16117668150595 0.628333333333333 -0.165 -0.225 -0.0516666666666667 0.0741666666666666 -0.374166666666667 0.4425 -0.3525 -0.760583333333333 -0.264833333333333 -0.273666666666667 -0.0919166666666667 0.0156666666666667 0.0291666666666667 0.1625 -0.180166666666667 -3.8925 -0.201666666666667 0.120833333333333 0.206666666666667 0.4075 0.115 0.0466666666666667 0.0583333333333333 -0.2075 -0.0708333333333333 -0.105833333333333 -0.075 0.085 -0.3525 0.0975 0.134166666666667 -0.2475 0.345833333333333 0.965
105.833333333333 0.383333333333333 -0.525 0.0308333333333333 0.193333333333333 -0.296666666666667 0.0283333333333333 0.0466666666666667 -0.2675 -0.0875 -0.0683333333333333 1.3025 -1.02331172102786 -0.124166666666667 -0.51 0.0266666666666667 -0.0966666666666666 -0.493166666666667 -0.374416666666667 0.44 0.55575 -0.439916666666667 0.230800903813803 0.249444526368016 -0.125 92.1666666666667 0.445833333333333 -0.520833333333333 -0.105833333333333 -0.06 -0.165833333333333 -0.339166666666667 -0.639166666666667 -0.411666666666667 0.2925 -0.593333333333333 -0.513333333333333 0.439166666666667 -0.646666666666667 1227.33644 614.314406 3.74997247561585 -1.575 -1.62 -0.5575 0.415 -0.275 -0.961666666666667 0.354166666666667 -0.2475 -1.06316666666667 -0.425416666666667 -0.52125 -0.0809166666666667 0.0904166666666667 -0.414333333333333 -0.0174166666666667 -0.14925 -5.70166666666667 -0.739166666666667 0.3775 0.268333333333333 0.744166666666667 -0.0541666666666667 -0.2975 -0.479166666666667 -0.423333333333333 -0.326666666666667 -0.363333333333333 -0.0575 0.420833333333333 0.175833333333333 -0.465 0.569166666666667 -0.839166666666667 1.05333333333333 1.03
130 -0.0866666666666666 -0.771666666666667 0.0775 0.0741666666666667 -0.2325 -0.2125 0.0275 -0.169166666666667 0.0333333333333334 0.0841666666666667 -0.4075 -1.05396515105958 -0.475833333333333 -0.480833333333333 -0.0533333333333333 -0.140166666666667 -0.124333333333333 -0.38475 0.408083333333333 0.5185 -0.195166666666667 0.258992752912348 0.276718070113704 0.991666666666667 50.2416666666667 -0.0125 -0.621666666666667 0.1125 -0.2925 -0.145 -0.246666666666667 -0.138333333333333 -0.419166666666667 0.376666666666667 -0.0675 -0.58 0.441666666666667 -0.565833333333333 1212.42654 635.328998 3.7499884801487 0.475833333333333 -2.24333333333333 -0.686666666666667 0.41 -0.258333333333333 -0.655833333333333 0.2825 -0.0358333333333333 -1.10091666666667 -0.58425 -0.379833333333333 0.0938333333333333 -0.193166666666667 -0.475166666666667 0.0255833333333333 -0.223 -5.95 -1.02416666666667 0.2875 0.575 0.718333333333333 0.215833333333333 -0.498333333333333 -0.430833333333333 -0.729166666666667 -0.1925 -0.5775 -0.155 0.4425 -0.630833333333333 -1.1425 0.35 -0.585833333333333 0.580833333333333 0.953
24.1666666666667 0.795 -0.19 0.0133333333333333 0.0883333333333333 -0.1425 0.215 -0.0775 -0.0458333333333333 -0.168333333333333 -0.00333333333333334 4.22083333333333 -1.02252118551735 0.210833333333333 -0.5025 -0.000833333333333345 -0.730916666666667 -0.505583333333333 -0.468666666666667 0.0375833333333333 0.0743333333333333 -0.268166666666667 0.212160033596636 0.61256072138514 -1.625 6.40833333333333 0.515833333333333 -0.3375 -0.116666666666667 0.4175 0.0816666666666667 0.115 -0.369166666666667 0.0191666666666667 -0.0558333333333333 -0.235 -0.288333333333333 0.260833333333333 -0.565833333333333 1319.36844 660.285861 4.10923797625479 -3.18583333333333 -0.488333333333333 -0.203333333333333 -0.2875 0.385833333333333 -0.458333333333333 0.0983333333333333 -0.00249999999999999 -0.976333333333333 -0.05875 -0.401833333333333 0.00366666666666666 0.250333333333333 -0.423333333333333 0.117083333333333 0.156583333333333 -5.155 0.201666666666667 0.239166666666667 0.0641666666666667 0.836666666666667 -0.521666666666667 -0.163333333333333 -0.429166666666667 0.199166666666667 -0.4625 0.244166666666667 0.171666666666667 0.139166666666667 1.58833333333333 -0.0575 0.369166666666667 -0.698333333333333 0.5975 1.224
32.5 0.193333333333333 -0.0425 -0.295 -0.596666666666667 0.361666666666667 0.139166666666667 0.320833333333333 -0.0391666666666667 -0.205833333333333 -0.171666666666667 3.795 4.97556816598226 -0.0141666666666667 0.095 0.4075 -0.274083333333333 0.109666666666667 0.217833333333333 -0.0131666666666667 0.174583333333333 0.6475 0.566135102189677 0.477583670518908 -1.44166666666667 139.916666666667 0.0183333333333333 0.41 0.14 0.383333333333333 0.0958333333333334 -0.0541666666666667 0.66 -0.28 -0.511666666666667 0.435833333333333 -0.345 0.4975 0.0575 1559.95744 780.442306 12.8136361322823 -0.546666666666667 1.71666666666667 0.915 0.95 -0.203333333333333 0.368333333333333 -0.386666666666667 0.418333333333333 -0.5415 0.1655 0.0839166666666667 -0.0235 -0.288583333333333 0.07425 0.51125 0.257416666666667 -2.74916666666667 0.879166666666667 -0.97 0.26 0.100833333333333 -0.1825 0.384166666666667 0.370833333333333 0.5525 0.73 0.16 0.461666666666667 0.210833333333333 0.161666666666667 0.459166666666667 -1.19666666666667 1.16416666666667 -0.115 0.965
65 0.2925 -0.3525 -0.280833333333333 -0.1675 -0.101666666666667 0.150833333333333 -0.00416666666666668 -0.0166666666666667 -0.2025 -0.0258333333333333 1.59083333333333 0.976371350563413 -0.0841666666666667 -0.303333333333333 0.0758333333333333 -0.14875 -0.06675 -0.0953333333333333 0.06025 0.107916666666667 -0.0834166666666667 0.104899325017989 0.53041801275538 -0.683333333333333 88.3416666666667 0.00750000000000001 -0.113333333333333 0.04 0.236666666666667 0.603333333333333 0.0516666666666666 0.1875 0.0816666666666667 -0.1525 -0.400833333333333 -0.4175 0.443333333333333 -0.341666666666667 1375.66424 688.357241 9.53730087392893 -1.13 -0.104166666666667 -0.201666666666667 0.4125 -0.228333333333333 -0.131666666666667 0.0133333333333333 0.148333333333333 -0.864583333333333 -0.1475 -0.13125 0.0389166666666667 -0.049 0.174083333333333 0.09125 -0.075 -4.65 0.32 -0.4225 0.549166666666667 0.316666666666667 -0.1 -0.113333333333333 -0.118333333333333 0.00916666666666664 0.05 -0.135833333333333 0.234166666666667 0.05 0.085 -0.42 -0.404166666666667 -0.1125 0.285 0.906
89.1666666666667 0.211666666666667 -0.193333333333333 -0.0241666666666667 -0.244166666666667 -0.0383333333333333 0.154166666666667 0.179166666666667 -0.0366666666666667 0.0675 0.0525 1.60333333333333 0.976990297233301 -0.16 -0.265833333333333 0.110833333333333 -0.541166666666667 -0.06175 -0.122166666666667 0.45725 0.146833333333333 0.0508333333333334 0.340381935740805 0.425677055245198 -0.425 16.575 0.00999999999999999 -0.179166666666667 0.0283333333333333 0.11 -0.18 -0.438333333333333 -0.00916666666666667 -0.0891666666666667 -0.329166666666667 0.065 -0.363333333333333 0.391666666666667 -0.321666666666667 1355.55954 678.375126 9.69502246034406 -0.731666666666667 -0.540833333333333 -0.0191666666666667 0.509166666666667 -0.505 0.349166666666667 0.266666666666667 -0.1275 -0.84225 -0.260333333333333 -0.241166666666667 -0.0551666666666667 -0.177333333333333 -0.458916666666667 0.266083333333333 0.348416666666667 -4.38916666666667 -0.215833333333333 -0.0433333333333333 0.180833333333333 0.694166666666667 -0.0775 -0.0691666666666667 -0.1725 0.0208333333333333 0.0875 -0.386666666666667 0.391666666666667 0.0416666666666667 0.0975 -0.379166666666667 -0.424166666666667 -0.111666666666667 0.358333333333333 0.941
129.166666666667 -0.0625 -0.58 -0.304166666666667 -0.193333333333333 -0.206666666666667 -0.0225 0.3675 0.0333333333333333 -0.205833333333333 0.103333333333333 1.00916666666667 1.97588825665865 -0.483333333333333 -0.230833333333333 0.1225 -0.644 -0.152 -0.0903333333333333 0.417916666666667 0.463583333333333 0.43625 0.49628531733354 0.26097010509316 0.533333333333333 27.9083333333333 0.146666666666667 -0.234166666666667 0.6325 -0.045 0.174166666666667 -0.290833333333333 0.0508333333333333 -0.183333333333333 -0.106666666666667 0.319166666666667 -0.575833333333333 0.566666666666667 -0.284166666666667 1336.66174 668.897716 12.5000711634761 0.6025 -1.00583333333333 0.145833333333333 0.9125 -0.2925 -0.214166666666667 0.398333333333333 -0.295 -0.916583333333333 -0.24 -0.13325 0.137083333333333 -0.42025 -0.245333333333333 0.209916666666667 0.0104166666666666 -4.74416666666667 -0.195833333333333 -0.3375 0.543333333333333 0.385833333333333 0.143333333333333 -0.259166666666667 -0.1175 -0.235833333333333 0.2775 -0.578333333333333 0.268333333333333 0.435 -0.7225 -0.748333333333333 -0.758333333333333 0.1025 0.389166666666667 0.918
0 0.17 0.985 -0.625 0.195 -0.2 -0.28 -0.385 0.055 0.74 0.025 3.475 -6.02132355040692 0.625 -0.06 -0.595 -0.51 0.265 0.696 -0.133 -0.2055 -0.507 0.0745861842160309 0.253553471744092 -2.4 -28.5333333333333 -0.035 0.835 -0.405 0.305 -0.655 -0.14 -0.135 0.705 -0.2 0.205 0.605 0.135 -0.1 1771.76424 886.330316 3.22362566554997 -0.98 2.895 -0.57 -1.765 -1.1 0.53 0.77 -0.505 -0.1605 0.0895 0.36 -0.415 0.2455 0.08 -0.462 0.2645 -0.475 0.675 0.29 -1.125 0.04 -0.285 1 0.635 0.545 -0.815 0.04 -0.025 -0.25 0.285 1.35 0.16 -1.5 -0.86 0.56
0 0.99 -0.245 -0.19 -0.265 0.51 0.32 0.11 -0.335 0.4 -0.49 4.475 5.9749437959678 0.505 -0.36 0.785 -0.941 -0.1375 -0.397 0.4575 -0.067 0.5445 0.109235564210711 0.351209260257717 -2.35 9.16666666666667 0.235 -0.13 -0.035 1.06 0.665 -1.025 -0.37 -0.615 -0.725 0.185 -0.655 0.345 -0.2 1309.52904 655.393526 11.4996122171604 -4.78 1.225 0.015 2.055 -0.12 0.195 0.15 0.76 -0.9235 -0.033 -0.31 -0.057 0.081 -0.261 0.3455 0.4165 -5.015 0.845 -0.505 0.12 0.685 -0.92 -0.08 -0.185 0.195 0.66 0.47 0.495 0.12 2.34 -0.09 -0.67 0.05 0.49 0.988
48.3333333333333 0.284166666666667 -0.3 -0.0583333333333333 -0.446666666666667 -0.406666666666667 -0.3775 -0.0858333333333334 -0.153333333333333 -0.121666666666667 -0.085 1.52916666666667 -0.0228349516584176 -0.1325 -0.270833333333333 -0.0558333333333333 -0.62975 -0.328916666666667 -0.0413333333333333 0.00433333333333333 0.795083333333333 -0.2105 0.396004479971545 0.251085059093265 -0.908333333333333 37.4333333333333 0.361666666666667 0.0308333333333333 -0.243333333333333 0.025 0.468333333333333 -0.300833333333333 -0.163333333333333 -0.62 -0.189166666666667 0.243333333333333 -0.364166666666667 0.396666666666667 -0.446666666666667 1412.66684 706.865746 6.44727085578445 -1.17833333333333 0.176666666666667 0.178333333333333 0.113333333333333 -0.910833333333333 -0.893333333333333 0.0916666666666667 0.391666666666667 -0.761333333333333 -0.251333333333333 -0.151 -0.08225 -0.135666666666667 -0.0590833333333333 0.141166666666667 -0.304 -3.8225 -0.719166666666667 -0.244166666666667 0.0941666666666667 0.115833333333333 -0.0241666666666666 0.1175 0.0341666666666667 -0.2 -0.0625 -0.241666666666667 -0.0325 0.905 -0.34 0.0591666666666666 0.105 0.198333333333333 0.425833333333333 1.235
137.5 -0.476666666666667 -0.41 -0.536666666666667 -0.435 0.0308333333333333 0.0466666666666667 0.164166666666667 0.0475 -0.171666666666667 0.0875 0.533333333333333 2.97572979245429 -0.419166666666667 0.0591666666666667 0.12 -0.242333333333333 0.433833333333333 0.414583333333333 0.17325 0.202583333333333 0.66625 0.321899211836827 0.152866742883703 0.775 81.925 -0.360833333333333 0.266666666666667 0.6225 -0.1175 0.189166666666667 -0.165833333333333 0.0208333333333333 -0.284166666666667 -0.365833333333333 0.268333333333333 -0.535833333333333 0.6875 -0.105 1527.99604 764.454346 12.5164608828312 2.55166666666667 0.755 -0.314166666666667 0.990833333333333 -0.315833333333333 0.0416666666666667 0.120833333333333 0.0191666666666667 -0.601166666666667 -0.144416666666667 0.0411666666666667 0.0150833333333333 -0.393166666666667 0.353166666666667 0.344666666666667 -0.151666666666667 -2.9925 0.254166666666667 -0.7575 0.561666666666667 -0.124166666666667 0.378333333333333 0.133333333333333 0.456666666666667 -0.349166666666667 0.593333333333333 -0.403333333333333 0.0425 0.191666666666667 -1.5275 -0.1075 -1.16166666666667 0.781666666666667 -0.045 0.976
170.833333333333 -0.0958333333333333 -0.6525 -0.263333333333333 0.03 -0.154166666666667 0.160833333333333 -0.0975 0.156666666666667 0.296666666666667 0.183333333333333 0.8025 -1.02252118551735 -0.34 -0.388333333333333 -0.111666666666667 -0.208333333333333 0.468666666666667 -0.112 0.704333333333333 -0.06125 0.0498333333333334 0.290860727418594 0.660057233709123 0.966666666666667 23.8083333333333 -0.645833333333333 -0.473333333333333 0.2325 0.0283333333333333 -0.488333333333333 -0.383333333333333 -0.393333333333333 -0.00166666666666667 0.266666666666667 -0.230833333333333 -0.5375 0.319166666666667 -0.408333333333333 1283.49044 642.369506 4.10923797625479 0.728333333333333 -1.17083333333333 -1.94666666666667 0.341666666666667 0.00833333333333332 0.181666666666667 0.285 0.22 -0.98775 -0.475583333333333 -0.41325 0.0305833333333333 -0.127416666666667 -0.237833333333333 0.103333333333333 0.208 -5.335 0.00500000000000004 0.296666666666667 0.665833333333333 0.809166666666667 0.095 -0.205833333333333 -0.235833333333333 -0.7975 -0.2 -0.4675 0.126666666666667 -0.07 -0.274166666666667 -1.01166666666667 -0.605833333333333 -0.7325 0.600833333333333 0.941
130 -0.103333333333333 -0.3175 -0.193333333333333 -0.05 0.0725 0.31 0.0533333333333333 -0.235833333333333 0.01 0.208333333333333 1.03666666666667 0.975891418926308 -0.173333333333333 -0.2375 0.0391666666666667 -0.23675 0.229333333333333 0.05225 0.405666666666667 -0.154583333333333 0.2735 0.213763518986163 0.532453507751694 0.308333333333333 -30.8083333333333 -0.315 -0.179166666666667 0.448333333333333 0.0366666666666667 -0.2875 -0.219166666666667 -0.0891666666666667 -0.04 0.0125 -0.481666666666667 -0.360833333333333 0.585833333333333 -0.399166666666667 1384.60094 692.888406 10.5499991946977 0.920833333333333 -0.405 -0.859166666666667 0.733333333333333 0.1925 0.213333333333333 0.470833333333333 -0.0775 -0.807166666666667 -0.400083333333333 -0.3645 -0.0775833333333333 -0.0311666666666667 -0.213916666666667 0.18075 0.11125 -4.23666666666667 -0.125 0.305 0.355 0.6525 0.1 -0.0841666666666667 -0.0383333333333334 -0.48 0.185833333333333 -0.345833333333333 0.0766666666666667 -0.284166666666667 -0.425833333333333 -0.4125 -0.705833333333333 -0.2675 0.448333333333333 0.965
170 -0.183333333333333 -0.7125 -0.374166666666667 0.0816666666666667 -0.1725 0.2575 -0.115833333333333 -0.171666666666667 0.1075 0.0508333333333333 0.973333333333333 0.976526652500115 -0.183333333333333 -0.323333333333333 0.128333333333333 -0.363333333333333 0.13375 -0.00308333333333331 0.55125 -0.130666666666667 0.579916666666667 0.751699772263114 0.338390809015419 0.991666666666667 29.2333333333333 -0.1725 -0.3 1.04833333333333 0.195 -0.143333333333333 -0.333333333333333 -0.724166666666667 -0.145 -0.115833333333333 -0.119166666666667 -0.710833333333333 0.523333333333333 -0.395 1329.60294 665.408636 9.69502082827801 0.7775 -0.685 -1.45916666666667 0.928333333333333 0.26 -0.248333333333333 1.04416666666667 0.0983333333333333 -0.91425 -0.528083333333333 -0.438666666666667 0.004 -0.0644166666666667 0.0265833333333333 0.103666666666667 -0.170833333333333 -4.85166666666667 0.116666666666667 0.116666666666667 0.590833333333333 0.475 0.0516666666666667 -0.215833333333333 -0.0641666666666667 -0.9125 0.114166666666667 -0.420833333333333 -0.0258333333333333 0.1375 -0.343333333333333 -1.0925 -1.0525 -0.690833333333333 0.2125 0.965
0 0.94 -0.313333333333333 0.0133333333333333 -0.07 0.406666666666667 0.393333333333333 0.0766666666666667 -0.49 0.473333333333333 -0.37 4.11666666666667 3.97526072437652 0.473333333333333 -0.513333333333333 0.713333333333333 -0.792333333333333 -0.374 -0.624333333333333 0.499 -0.033 0.340333333333333 0.236290664777907 0.121116226700002 -1.83333333333333 73.3666666666667 0.426666666666667 -0.446666666666667 0.03 0.846666666666667 0.373333333333333 -0.826666666666667 -0.876666666666667 -0.793333333333333 -0.806666666666667 0.0466666666666667 -0.703333333333333 0.433333333333333 -0.466666666666667 1227.33724 614.330596 11.2783537870744 -4.71 -0.0333333333333332 -0.213333333333333 1.74 0.25 -0.21 0.136666666666667 0.723333333333333 -1.06333333333333 -0.125666666666667 -0.512333333333333 -0.0543333333333333 0.237 -0.685 0.285666666666667 0.371 -5.82333333333333 0.346666666666667 -0.11 0.0233333333333333 0.983333333333333 -0.836666666666667 -0.34 -0.48 -0.00666666666666664 0.333333333333333 0.403333333333333 0.116666666666667 0.116666666666667 2.35666666666667 -0.416666666666667 -0.0633333333333335 -0.43 0.55 0.953
97.5 0.0983333333333334 -0.0758333333333333 -0.324166666666667 -0.260833333333333 0.0466666666666667 0.196666666666667 -0.369166666666667 0.0375 -0.215833333333333 -0.0291666666666667 3.7225 -1.02173065000684 0.193333333333333 -0.1025 -0.191666666666667 -0.161166666666667 0.334166666666667 0.25675 0.178666666666667 8.33333333333358e-05 0.00700000000000003 0.505734662342578 0.327360917324224 -0.941666666666667 86.7583333333333 -0.1875 0.308333333333333 -0.215 0.191666666666667 -0.4975 -0.1575 0.085 -0.316666666666667 -0.00583333333333332 0.356666666666667 -0.1925 0.294166666666667 -0.278333333333333 1561.77584 781.393196 4.31195937388877 -0.136666666666667 1.49 -0.9675 -0.7025 0.0575 -0.0158333333333333 -0.159166666666667 0.4425 -0.573333333333333 -6.93889390390723e-18 -0.203416666666667 -0.165583333333333 0.155333333333333 0.37825 0.19775 0.017 -2.82916666666667 0.856666666666667 -0.0533333333333333 0.164166666666667 0.253333333333333 -0.0916666666666666 0.521666666666667 0.348333333333333 -0.00333333333333335 -0.2725 0.261666666666667 0.00583333333333334 -0.00583333333333332 0.119166666666667 0.494166666666667 -0.598333333333333 -0.248333333333333 0.176666666666667 1.447
32.5 0.795833333333333 0.05 -0.0408333333333333 -0.129166666666667 -0.1925 -0.110833333333333 -0.196666666666667 0.00333333333333335 -0.376666666666667 -0.241666666666667 5.63166666666667 -0.0218891142112063 0.361666666666667 -0.191666666666667 -0.0641666666666667 -0.683583333333333 -0.458083333333333 0.03825 -0.210333333333333 0.38 -0.171 0.591875450627333 0.256437663252102 -2.5 -4.19166666666667 0.650833333333333 0.32 -0.308333333333333 0.470833333333333 -0.35 0.0158333333333333 -0.205 -0.123333333333333 0.358333333333333 -0.153333333333333 -0.0925 0.1075 -0.293333333333333 1525.64374 763.378931 6.52202731170022 -2.82416666666667 1.73666666666667 0.121666666666667 -0.516666666666667 -0.154166666666667 -0.718333333333333 0.334166666666667 -0.04 -0.59575 -0.0295 -0.29975 -0.235083333333333 0.20275 0.112583333333333 0.244583333333333 -0.0544166666666667 -2.83833333333333 0.305 0.1 -0.274166666666667 0.279166666666667 -0.5275 0.599166666666667 0.191666666666667 0.311666666666667 -0.280833333333333 0.401666666666667 0.3525 0.6675 1.31666666666667 1.2225 0.0783333333333333 -0.0175 0.675833333333333 1.059
32.5 0.78 0.055 0.0566666666666667 -0.035 -0.278333333333333 0.0183333333333333 -0.5575 -0.00999999999999998 -0.2875 -0.195 6.28333333333333 -3.02014325445051 0.514166666666667 -0.314166666666667 -0.284166666666667 -0.696 -0.319833333333333 -0.0598333333333333 -0.0975833333333334 0.146 -0.417583333333333 0.248241985893396 0.192913623259558 -2.45 -5.64166666666667 0.505 0.203333333333333 -0.515 0.484166666666667 -0.729166666666667 0.0266666666666667 -0.4025 -0.150833333333333 0.3075 0.3225 -0.0416666666666667 -0.0816666666666667 -0.465 1517.53144 759.334386 3.85106301153809 -3.02 1.4875 -0.735833333333333 -1.555 0.169166666666667 -0.7225 0.173333333333333 0.4025 -0.635333333333333 -0.045 -0.4385 -0.24975 0.43925 0.0355833333333333 0.150166666666667 -0.0315 -3.095 0.47 0.484166666666667 -0.296666666666667 0.516666666666667 -0.578333333333333 0.641666666666667 0.0966666666666667 0.176666666666667 -0.829166666666667 0.624166666666667 0.130833333333333 0.511666666666667 1.70333333333333 1 0.2925 -0.625833333333333 0.489166666666667 1.741
24.1666666666667 0.999166666666667 0.0816666666666667 -0.3775 -0.131666666666667 0.328333333333333 0.298333333333333 0.0241666666666667 0.146666666666667 -0.136666666666667 -0.0125 7.8825 1.97793297241285 0.538333333333333 -0.173333333333333 0.133333333333333 -1.07316666666667 -0.0278333333333333 -0.121 -0.06025 -0.212083333333333 0.611583333333333 0.193423258883267 0.366039703559906 -2.93333333333333 113.608333333333 0.1725 0.226666666666667 0.333333333333333 1.06 -0.489166666666667 0.2825 0.329166666666667 0.229166666666667 0.1125 -0.225833333333333 -0.08 0.216666666666667 -0.0208333333333333 1527.62284 764.395986 12.0231009513068 -3.4325 2.10833333333333 -0.106666666666667 0.185833333333333 0.7525 0.489166666666667 0.303333333333333 -0.181666666666667 -0.654083333333333 0.15925 -0.284166666666667 -0.0633333333333333 0.177 -0.0334166666666667 0.430333333333333 0.533583333333333 -3.20666666666667 1.72833333333333 0.025 -0.159166666666667 0.624166666666667 -0.9625 0.388333333333333 0.1225 0.625 0.0108333333333333 0.581666666666667 0.7475 0.00916666666666665 2.51916666666667 0.7275 -1.18 -0.349166666666667 0.33 1.012
40.8333333333333 0.62 -0.410833333333333 0.36 -0.23 -0.3475 -0.268333333333333 0.5775 -0.225833333333333 -0.115833333333333 -0.095 1.57666666666667 0.975891418926308 -0.369166666666667 -0.4775 0.226666666666667 -0.283 -1.04158333333333 -0.622916666666667 0.452916666666667 1.10983333333333 -0.40275 0.269827196015017 0.259792360883464 -0.925 41.2666666666667 0.915833333333333 -0.624166666666667 -0.304166666666667 -0.08 0.0341666666666667 -0.353333333333333 0.315 -0.565 0.00833333333333335 -0.0491666666666667 -0.439166666666667 0.434166666666667 -0.519166666666667 1163.29864 582.311996 10.5499991946977 -2.93833333333333 -2.48833333333333 1.525 0.640833333333333 -0.886666666666667 -0.723333333333333 -0.0308333333333333 -0.0233333333333333 -1.13441666666667 -0.28325 -0.30975 0.0531666666666667 -0.336916666666667 -1.1035 0.13375 0.23425 -6.07916666666667 -1.22083333333333 -0.0358333333333333 0.173333333333333 0.918333333333333 -0.123333333333333 -0.391666666666667 -0.75 0.294166666666667 -0.02 -0.618333333333333 0.358333333333333 0.915833333333333 0.260833333333333 -0.815833333333333 0.396666666666667 -0.1425 0.924166666666667 1.024
65 0.684166666666667 -0.283333333333333 -0.139166666666667 -0.06 -0.158333333333333 -0.164166666666667 0.151666666666667 -0.305 -0.311666666666667 -0.0233333333333333 2.33 -0.0241054188060313 0.0508333333333333 -0.424166666666667 -0.0208333333333333 -0.383166666666667 -0.633916666666667 -0.318 0.20725 0.9155 -0.395583333333333 0.155522471680727 0.404829358709138 -1.35833333333333 128.15 0.683333333333333 -0.24 -0.319166666666667 0.085 0.321666666666667 -0.335 0.0375 -0.704166666666667 0.368333333333333 -0.774166666666667 -0.279166666666667 0.620833333333333 -0.558333333333333 1308.41334 654.830761 6.09998232888297 -2.635 -0.541666666666667 0.3625 0.591666666666667 -0.465833333333333 -1.0075 0.161666666666667 -0.43 -0.956083333333333 -0.193 -0.358166666666667 -0.1055 0.083 -0.187166666666667 -0.0115833333333333 -0.171833333333333 -4.9025 -0.495 0.235833333333333 0.00333333333333332 0.481666666666667 -0.2375 -0.154166666666667 -0.305833333333333 0.00999999999999998 -0.141666666666667 -0.235833333333333 0.00833333333333332 0.536666666666667 0.324166666666667 0.160833333333333 0.423333333333333 -0.6875 1.26416666666667 0.988
32.5 0.548333333333333 -0.31 -0.0141666666666667 -0.1275 -0.2525 -0.115 0.248333333333333 -0.07 -0.413333333333333 -0.0975 2.48 -0.0233148832955223 -0.166666666666667 -0.360833333333333 0.04 -0.291166666666667 -0.608666666666667 -0.341166666666667 0.0173333333333333 0.801833333333333 -0.454416666666667 0.373274150516503 0.277703782883569 -1.11666666666667 89.7666666666667 0.640833333333333 -0.23 -0.420833333333333 -0.0208333333333333 0.31 0.0375 0.0858333333333334 -0.3075 0.0575 -0.0808333333333333 -0.364166666666667 0.409166666666667 -0.469166666666667 1328.52374 664.807916 6.33872489404841 -2.07583333333333 -0.8325 0.713333333333333 0.075 -0.484166666666667 -0.8725 -0.371666666666667 -0.2075 -0.940666666666667 -0.0308333333333333 -0.170333333333333 0.0340833333333333 -0.0836666666666666 -0.303166666666667 0.116083333333333 -0.0931666666666667 -4.965 -0.356666666666667 -0.304166666666667 0.25 0.4375 -0.119166666666667 -0.1475 -0.324166666666667 0.321666666666667 -0.2025 -0.135 0.1625 0.605 0.256666666666667 0.0508333333333334 0.5825 0.0233333333333333 0.7475 1.165
57.5 0.4175 -0.3125 -0.231666666666667 0.0891666666666667 0.263333333333333 0.379166666666667 0.151666666666667 -0.0333333333333333 -0.139166666666667 -0.00416666666666667 3.61916666666667 0.976681954436818 -0.03 -0.294166666666667 0.130833333333333 -0.265833333333333 0.314833333333333 -0.217166666666667 0.18475 -0.103416666666667 -0.0493333333333333 0.388455923721482 0.278802445406854 -0.833333333333333 9.16666666666667 -0.34 -0.211666666666667 -0.265833333333333 0.300833333333333 -0.26 0.0691666666666667 0.0775 0.216666666666667 0.255 -0.216666666666667 -0.353333333333333 0.288333333333333 -0.3 1376.57124 688.829716 10.397759515338 -0.929166666666667 0.0666666666666665 -0.861666666666667 0.430833333333333 0.408333333333333 0.129166666666667 -0.58 -0.07 -0.87975 -0.04325 -0.273916666666667 0.0403333333333333 0.0745833333333333 -0.195083333333333 0.246916666666667 0.259416666666667 -4.82666666666667 0.655 -0.0608333333333333 0.500833333333333 0.745 -0.269166666666667 -0.0625 -0.155833333333333 0.0866666666666667 -0.0408333333333333 0.241666666666667 0.355 -0.3 0.909166666666667 0.174166666666667 -0.0583333333333333 0.0675 0.668333333333333 1.035
8.33333333333333 0.503333333333333 0.0225 0.318333333333333 0.0833333333333333 -0.0683333333333333 0.449166666666667 0.283333333333333 -0.143333333333333 -0.390833333333333 0.0866666666666667 1.60333333333333 -0.0241054188060313 -0.118333333333333 -0.433333333333333 0.103333333333333 -0.210416666666667 -0.63675 -0.421083333333333 -0.0395833333333333 -0.103083333333333 -0.6165 0.212976192922979 0.231408611671027 -1.04166666666667 -10.5583333333333 0.524166666666667 -0.401666666666667 -0.371666666666667 -0.0591666666666667 0.291666666666667 0.2675 0.0441666666666667 0.494166666666667 -0.315 -0.5875 -0.201666666666667 0.396666666666667 -0.6225 1292.40634 646.760971 6.09998232888297 -1.82166666666667 -1.58916666666667 0.858333333333333 -0.13 0.0716666666666666 0.0133333333333334 -0.215833333333333 -0.4225 -0.976416666666667 -0.0615 -0.250583333333333 0.0135833333333333 0.09875 -0.725333333333333 0.145666666666667 0.302166666666667 -5.31583333333333 -0.525833333333333 0.0358333333333333 0.204166666666667 0.970833333333333 -0.095 -0.35 -0.584166666666667 0.565833333333333 -0.196666666666667 -0.0725 0.311666666666667 -0.408333333333333 0.600833333333333 -0.105 0.833333333333333 0.0208333333333334 0.508333333333333 0.965
24.1666666666667 0.14 0.0666666666666667 -0.453333333333333 -0.479166666666667 0.345 0.200833333333333 0.214166666666667 0.140833333333333 -0.0883333333333334 -0.0691666666666667 1.50416666666667 5.2153553335242 -0.0508333333333333 0.00416666666666667 0.4175 -0.436666666666667 0.4675 0.222833333333333 -0.132166666666667 -0.248083333333333 0.38925 0.193446175475329 0.128981524452323 -1.175 39.5166666666667 -0.440833333333333 0.3825 -0.133333333333333 0.371666666666667 1.22916666666667 -0.24 0.370833333333333 0.201666666666667 -0.791666666666667 0.495833333333333 -0.343333333333333 0.463333333333333 -0.045 1532.00234 766.424736 11.4029108147063 -0.231666666666667 1.72 0.525 1.14833333333333 -0.494166666666667 0.816666666666667 -0.6175 0.263333333333333 -0.579 0.184 0.274083333333333 -0.0231666666666667 -0.26575 0.402166666666667 0.47775 0.236333333333333 -3.07916666666667 0.709166666666667 -1.28083333333333 0.420833333333333 -0.0366666666666667 -0.0991666666666666 0.105833333333333 0.345833333333333 0.4425 0.82 0.185 0.605 -0.246666666666667 0.0391666666666666 0.248333333333333 -0.9475 1.57833333333333 -0.274166666666667 1.012
56.6666666666667 0.67 -0.326666666666667 -0.363333333333333 -0.364166666666667 0.055 -0.143333333333333 0.114166666666667 -0.1525 -0.144166666666667 -0.3575 3.84083333333333 3.97605125988703 0.158333333333333 -0.189166666666667 0.321666666666667 -0.8385 -0.130833333333333 -0.0301666666666667 0.28725 0.549333333333333 0.353916666666667 0.301823751565497 0.220646711970575 -1.91666666666667 23.3083333333333 0.265 0.1825 -0.045 0.66 0.444166666666667 -0.754166666666667 0.386666666666667 -0.455 0.09 0.2925 -0.4325 0.300833333333333 -0.0875 1423.72204 712.440801 11.2482055460215 -2.75666666666667 1.4775 0.275833333333333 1.19833333333333 -0.713333333333333 -0.254166666666667 0.303333333333333 0.246666666666667 -0.749 -0.117833333333333 -0.132416666666667 -0.0640833333333333 -0.169833333333333 0.242 0.218083333333333 -0.00999999999999999 -3.82 0.525 -0.460833333333333 0.230833333333333 0.1625 -0.505833333333333 0.268333333333333 0.158333333333333 0.123333333333333 0.436666666666667 0.0708333333333333 0.604166666666667 0.664166666666667 0.855833333333333 0.2525 -0.913333333333333 0.225833333333333 0.654166666666667 0.953
98.3333333333333 -0.0758333333333333 -0.794166666666667 0.203333333333333 -0.0466666666666667 0.0283333333333333 -0.203333333333333 0.3675 -0.0633333333333333 0.324166666666667 0.146666666666667 -1.25 -0.0547588488377468 -0.739166666666667 -0.500833333333333 0.0966666666666667 0.08025 0.1775 -0.58425 0.51825 0.582083333333333 -0.390583333333333 0.0905030816832883 0.186152441506599 1.225 71.6 -0.466666666666667 -0.875 -0.453333333333333 -0.443333333333333 -0.1225 -0.28 0.0983333333333333 -0.420833333333333 0.29 -0.145 -0.6225 0.4525 -0.524166666666667 1128.36984 593.291363 5.92253937403293 0.625833333333333 -3.0075 -0.594166666666667 0.938333333333333 -0.45 -0.19 -0.694166666666667 0.140833333333333 -1.22283333333333 -0.500083333333333 -0.284583333333333 0.199916666666667 -0.385583333333333 -0.963916666666667 0.162916666666667 0.173 -6.83916666666667 -1.25916666666667 0.0308333333333333 0.770833333333333 1.02833333333333 0.2925 -0.745 -0.663333333333333 -0.560833333333333 0.0166666666666667 -0.654166666666667 -0.04 0.2 -0.6625 -1.2725 0.7425 0.00833333333333333 0.775 0.941
129.166666666667 -0.27 -0.71 -0.33 -0.0816666666666667 0.0583333333333333 -0.0175 0.0716666666666667 -0.145833333333333 -0.135833333333333 0.0775 0.414166666666667 1.94507952469023 -0.371666666666667 -0.250833333333333 0.135 -0.52575 0.183166666666667 -0.0936666666666667 0.236333333333333 0.169333333333333 0.583083333333333 0.398803840263492 0.171289861997636 0.9 45.3083333333333 -0.161666666666667 -0.213333333333333 0.7525 -0.0183333333333333 0.295 -0.199166666666667 0.0816666666666666 -0.315833333333333 -0.0416666666666667 0.384166666666667 -0.641666666666667 0.605833333333333 -0.301666666666667 1358.72364 708.396698 9.83324431942097 1.43083333333333 -0.6625 -0.465833333333333 0.999166666666667 0.120833333333333 -0.235833333333333 0.44 -0.0966666666666667 -0.907333333333333 -0.355833333333333 -0.15125 0.16375 -0.2745 0.0399166666666667 0.174416666666667 -0.2815 -4.77916666666667 -0.0525 -0.2625 0.67 0.2875 0.153333333333333 -0.361666666666667 0.0141666666666667 -0.575 0.325 -0.335833333333333 -0.0558333333333333 0.208333333333333 -0.725 -0.8875 -0.638333333333333 -0.0358333333333333 0.04 1.059
113.333333333333 0.139166666666667 -0.588333333333333 -0.325 -0.075 -0.301666666666667 -0.0866666666666667 0.121666666666667 -0.0775 -0.08 0.108333333333333 0.37 -0.0230065404990384 -0.346666666666667 -0.370833333333333 -0.0383333333333333 -0.578916666666667 0.0286666666666667 -0.158 0.315166666666667 0.504833333333333 -0.0746666666666667 0.22370514883559 0.388769666070195 0.266666666666667 41.4 -0.108333333333333 -0.2975 0.178333333333333 0.00166666666666666 0.365 -0.253333333333333 -0.1975 -0.0933333333333333 0.0891666666666667 -0.298333333333333 -0.515833333333333 0.495833333333333 -0.4075 1310.57444 655.860466 6.40878378972325 -0.0649999999999999 -0.915 -0.685 0.795 -0.6475 -0.408333333333333 0.338333333333333 -0.459166666666667 -0.953 -0.42125 -0.234333333333333 0.0429166666666667 -0.193416666666667 -0.0438333333333333 0.0661666666666667 -0.2045 -5.01083333333333 -0.445833333333333 -0.0783333333333333 0.504166666666667 0.35 0.0683333333333333 -0.315 -0.1725 -0.484166666666667 -0.0358333333333334 -0.591666666666667 0.186666666666667 0.3575 -0.5075 -0.605 -0.175 -0.336666666666667 0.65 1.047
137.5 -0.1225 -0.465833333333333 -0.1225 -0.219166666666667 -0.378333333333333 -0.140833333333333 0.0441666666666667 -0.0691666666666667 -0.0366666666666667 0.115 -0.359166666666667 -0.0234701852322244 -0.416666666666667 -0.300833333333333 -0.09 -0.632083333333333 -0.0694166666666666 0.00200000000000001 0.461666666666667 0.466666666666667 -0.0329166666666667 0.446432171347518 0.229204314570558 0.616666666666667 16.5333333333333 0.02 -0.211666666666667 0.166666666666667 -0.226666666666667 0.16 -0.625 -0.321666666666667 -0.331666666666667 -0.0516666666666666 0.121666666666667 -0.465833333333333 0.483333333333333 -0.4825 1336.59694 668.884791 6.33736880256741 0.7525 -0.9325 -0.460833333333333 0.476666666666667 -0.740833333333333 -0.375 0.545 -0.1 -0.871166666666667 -0.448583333333333 -0.2415 -0.036 -0.262166666666667 -0.2175 0.0971666666666667 -0.119416666666667 -4.44333333333333 -0.925833333333333 0.0825 0.333333333333333 0.404166666666667 0.265 -0.135833333333333 -0.08 -0.585833333333333 0.0216666666666666 -0.655 0.04 0.411666666666667 -1.06333333333333 -0.521666666666667 -0.191666666666667 -0.128333333333333 0.595 1.024
8.33333333333333 0.3225 -0.3025 0.220833333333333 -0.4825 -0.116666666666667 -0.636666666666667 0.149166666666667 -0.198333333333333 -0.115833333333333 -0.141666666666667 1.99916666666667 0.9458732224684 -0.225833333333333 -0.216666666666667 0.0858333333333333 -0.22 -0.498583333333333 -0.227583333333333 -0.275583333333333 1.12383333333333 -0.20625 0.338543001705321 0.377391295870124 -1.14166666666667 65.3166666666667 0.535 -0.0358333333333333 -0.4575 -0.134166666666667 0.128333333333333 0.0933333333333333 0.2575 -0.950833333333333 0.0566666666666667 0.1325 -0.334166666666667 0.463333333333333 -0.360833333333333 1398.66074 728.347203 8.54512286286051 -1.22583333333333 -0.184166666666667 1.09083333333333 0.3075 -0.7475 -1.08666666666667 -0.415833333333333 0.3675 -0.782916666666667 -0.19075 -0.10425 -0.0288333333333333 -0.246833333333333 -0.4175 0.304416666666667 -0.265 -4.01916666666667 -0.998333333333333 -0.381666666666667 0.000833333333333334 0.206666666666667 -0.0341666666666667 0.0316666666666667 -0.0508333333333333 0.0683333333333333 0.1175 -0.138333333333333 -0.1425 1.1625 -0.185833333333333 0.245833333333333 0.6325 0.648333333333333 0.380833333333333 1.012
16.6666666666667 0.6125 -0.255833333333333 0.141666666666667 0.245 0.383333333333333 0.4075 0.191666666666667 -0.214166666666667 -0.22 -0.0591666666666667 3.45083333333333 1.94507952469023 0.0758333333333333 -0.429166666666667 0.305 -0.382666666666667 -0.2055 -0.528083333333333 -0.0193333333333333 -0.33675 -0.0055833333333333 0.324364538793657 0.43612179563488 -1.29166666666667 -16.7166666666667 0.146666666666667 -0.408333333333333 -0.0225 0.413333333333333 -0.000833333333333334 0.2325 0.3875 0.41 0.184166666666667 -0.360833333333333 -0.323333333333333 0.281666666666667 -0.375833333333333 1293.43804 675.803703 9.83324431942097 -2.1225 -0.74 0.180833333333333 0.539166666666667 0.7275 0.23 -0.0725 -0.235 -1.00775 -0.14025 -0.323083333333333 0.106916666666667 0.124083333333333 -0.519916666666667 0.224416666666667 0.279583333333333 -5.58916666666667 0.325 0.114166666666667 0.393333333333333 1.03 -0.470833333333333 -0.359166666666667 -0.454166666666667 0.333333333333333 0.0558333333333333 0.319166666666667 0.443333333333333 -0.418333333333333 1.60666666666667 -0.241666666666667 0.235833333333333 -0.13 0.3975 1
137.5 1.85037170770859e-17 -0.630833333333333 -0.166666666666667 0.281666666666667 -0.0858333333333333 0.0916666666666667 0.000833333333333331 -0.1575 -0.2525 0.0375 0.469166666666667 0.945082686957891 -0.230833333333333 -0.390833333333333 0.0808333333333333 -0.438916666666667 -0.200166666666667 -0.196333333333333 0.171833333333333 0.0181666666666666 0.219666666666667 0.381300347721568 0.245294861832983 0.608333333333333 6.85833333333333 0.199166666666667 -0.345 0.714166666666667 0.000833333333333329 0.205 -0.1125 -0.338333333333333 0.0558333333333334 0.305 -0.4675 -0.566666666666667 0.525833333333333 -0.4575 1299.55104 678.868828 8.54517898495485 0.406666666666667 -1.09416666666667 -0.5375 0.8125 0.25 -0.48 0.986666666666667 -0.650833333333333 -0.98375 -0.478666666666667 -0.34825 0.0626666666666667 -0.0485833333333333 0.00141666666666667 0.0494166666666667 -0.323083333333333 -5.205 -0.3425 0.179166666666667 0.51 0.489166666666667 0.0341666666666667 -0.42 -0.195833333333333 -0.585833333333333 0.0766666666666666 -0.339166666666667 0.0283333333333333 0.0716666666666667 -0.211666666666667 -0.675 -0.0558333333333333 -0.558333333333333 0.468333333333333 0.988
154.166666666667 -0.190833333333333 0.0441666666666667 -0.459166666666667 0.00916666666666666 0.0725 0.0625 -0.0508333333333333 0.01 -0.100833333333333 0.201666666666667 0.54 0.45703596147186 -0.0341666666666667 -0.12 -0.0533333333333333 -0.024 0.463833333333333 0.286666666666667 0.396083333333333 0.0561666666666667 0.0136666666666667 0.270249976822819 0.341209790561794 0.0333333333333333 8.825 -0.403333333333333 0.1825 -0.148333333333333 -0.148333333333333 0.155833333333333 -0.644166666666667 -0.235833333333333 -0.325833333333333 0.0483333333333333 0.480833333333333 -0.181666666666667 0.556666666666667 -0.409166666666667 1488.75244 744.919701 7.71297658370646 1.3025 0.573333333333333 -0.65 0.246666666666667 -0.363333333333333 0.235833333333333 -0.13 -0.359166666666667 -0.620833333333333 -0.128333333333333 -0.112416666666667 -0.303083333333333 -0.00541666666666667 0.360166666666667 0.259 0.0443333333333333 -3.11333333333333 -0.0791666666666667 -0.0891666666666667 0.0641666666666666 0.195833333333333 0.240833333333333 0.129166666666667 0.266666666666667 -0.286666666666667 0.133333333333333 -0.148333333333333 0.145833333333333 -0.139166666666667 -0.726666666666667 0.104166666666667 -0.603333333333333 0.3175 0.36 1.012
8.33333333333333 0.725833333333333 -0.2025 -0.00166666666666667 0.0333333333333333 0.110833333333333 0.4175 -0.05 -0.405833333333333 0.123333333333333 0.179166666666667 3.1675 -1.02284807629468 0.258333333333333 -0.5775 0.0741666666666667 -0.441083333333333 -0.197833333333333 -0.58925 0.1715 -0.122916666666667 -0.224666666666667 0.11532036244602 0.237839714939084 -1.43333333333333 41.2666666666667 0.0441666666666667 -0.54 -0.0491666666666667 0.494166666666667 0.15 0.209166666666667 -0.0316666666666667 -0.0658333333333333 -0.3325 -0.6725 -0.281666666666667 0.4875 -0.619166666666667 1267.28964 634.264601 3.84997403782626 -3.04916666666667 -1.04416666666667 -0.556666666666667 0.271666666666667 0.470833333333333 0.0316666666666667 -0.0741666666666667 0.170833333333333 -1.05216666666667 -0.236416666666667 -0.48975 0.00325 0.33825 -0.609 0.0811666666666667 0.245166666666667 -5.74083333333333 0.181666666666667 0.428333333333333 0.159166666666667 1.06083333333333 -0.511666666666667 -0.439166666666667 -0.589166666666667 0.04 -0.343333333333333 0.075 0.0516666666666666 -0.325 1.53583333333333 -0.716666666666667 0.0483333333333333 -1.06166666666667 0.3975 1.141
0 1.14 -0.04 -0.8 -0.85 0.82 0.1 0.21 0.13 0.18 -0.85 5.55 11.9739930107416 0.6 0.1 1 -1.387 0.572 0.285 0.333 -0.169 1.157 0.0309111268507742 0.0473585939091628 -3.9 9.16666666666667 -0.34 0.82 -0.23 1.7 1.54 -1.62 1.15 -0.08 -0.48 0.6 -0.51 0.08 0.6 1556.10444 778.582316 11.8416664928825 -4.99 5 0.7 3 -1.23 1.41 0.19 0.87 -0.504 0.245 0.297 -0.065 -0.387 1.011 0.525 0.553 -2.59 2.34 -1.69 0.41 -0.21 -1.17 0.7 0.7 0.8 1.64 0.67 1.63 0.13 2.29 0.89 -2.49 1.49 0.31 1.012
0 0.915 -0.3475 0.115 0.0275 0.355 0.43 0.06 -0.5675 0.51 -0.31 3.9375 2.97541918858088 0.4575 -0.59 0.6775 -0.718 -0.49225 -0.738 0.51975 -0.016 0.23825 0.304516697023813 0.189533697617654 -1.575 105.466666666667 0.5225 -0.605 0.0625 0.74 0.2275 -0.7275 -1.13 -0.8825 -0.8475 -0.0225 -0.7275 0.4775 -0.6 1186.24134 593.799131 11.1030807050134 -4.675 -0.6625 -0.3275 1.5825 0.435 -0.4125 0.13 0.705 -1.13325 -0.172 -0.6135 -0.053 0.315 -0.897 0.25575 0.34825 -6.2275 0.0975 0.0875000000000001 -0.025 1.1325 -0.795 -0.47 -0.6275 -0.1075 0.17 0.37 -0.0725 0.115 2.365 -0.58 0.24 -0.67 0.58 0.965
