0.976526652500115 -0.23 -0.354166666666667 0.1 1300.48024 650.854026 9.69502082827801 0.249166666666667 0.99
2.97541918858088 -0.00333333333333335 -0.278333333333333 0.236666666666667 1361.60714 681.398606 11.1030807050134 0.414166666666667 0.98
3.97557132824992 -0.139166666666667 0.06 0.231666666666667 1557.98194 779.447056 12.5317456563689 -0.5425 0.93
-2.02221284272087 0.0383333333333333 -0.563333333333333 -0.015 1239.26084 620.278016 3.87600260595121 1.4125 0.929
-3.01999021359072 0.249166666666667 -0.555833333333333 -0.1775 1303.34524 652.304226 3.88420334037543 1.72583333333333 1.518
-2.02078391136889 0.303333333333333 -0.581666666666667 -0.00666666666666667 1279.32324 640.304231 4.06267669921869 1.84083333333333 1.294
-4.01857756914267 0.41 -0.470833333333333 -0.290833333333333 1405.43804 703.325691 3.78654918444441 1.91416666666667 1.306
-3.01999021359072 0.250833333333333 -0.496666666666667 -0.218333333333333 1345.42584 673.327701 3.88420334037543 1.38166666666667 1.506
-3.01999021359072 0.3975 -0.54 -0.201666666666667 1346.37024 673.807136 3.88420334037543 1.96 1.864
-3.02047014522783 0.265833333333333 -0.5475 -0.17 1316.30354 658.789281 3.69899245704887 1.84666666666667 1.736
1.97634873912417 0.17 -0.220833333333333 0.253333333333333 1406.52394 703.865996 11.0536330736562 1.53166666666667 1.008
3.18501883190121 0.106666666666667 -0.293333333333333 0.385 1363.59754 710.871903 10.5130690898865 0.921666666666667 0.856
2.97478079273941 -0.426666666666667 -0.0991666666666667 0.175833333333333 1416.83164 708.941591 10.9018003846848 -1.22083333333333 0.856
3.18596466934842 -0.04 -0.0741666666666667 0.269166666666667 1469.82964 763.923943 10.7779889852939 0.439166666666667 0.992
1.97399025722891 -0.353333333333333 -0.2875 0.184166666666667 1321.58244 661.379346 9.93014123799581 -0.7125 0.984
0.943650593338254 -0.0583333333333333 -0.0616666666666667 -0.00916666666666667 1559.82084 808.871053 8.50654861818054 -0.768333333333333 0.968
1.21598919034165 0.0516666666666666 -0.3825 0.106666666666667 1330.46594 665.846741 9.7020019458092 0.615833333333333 0.968
3.21661809938014 -0.055 -0.0541666666666667 0.201666666666667 1469.79644 735.456781 11.6509132992178 0.0208333333333333 0.92
2.21614133001069 0.161666666666667 -0.115833333333333 0.1 1504.67414 752.897631 12.5001301608992 0.689166666666667 1.008
4.21582440160197 0.306666666666667 -0.0683333333333333 0.335 1524.80744 762.930621 12.5317466281816 1.07666666666667 1.008
0.185494224514295 0.315 -0.499166666666667 0.151666666666667 1332.38494 695.267158 7.35904751276862 1.66 1.088
4.69664115217945 0.290833333333333 0.17 0.325 1675.92524 838.466876 12.9771266529211 0.9725 0.96
1.4571881011409 0.23 0.0375 -0.00833333333333333 1645.84654 823.426551 10.401269388475 0.215 0.976
0.21693819005652 0.0441666666666667 -0.165 -0.100833333333333 1488.66874 744.888936 7.55090299660928 -0.0841666666666667 0.894
3.21646279744343 0.131666666666667 0.0141666666666667 0.161666666666667 1555.84594 778.446416 11.0795195290874 0.291666666666667 0.941
1.97557449051758 0.095 -0.0558333333333333 0.133333333333333 1542.83414 771.881416 10.2436380551646 0.115833333333333 0.941
0.45703596147186 0.165833333333333 -0.228333333333333 0.0916666666666667 1451.56374 726.344361 7.71297658370646 0.6 0.953
2.18533259804227 -0.351666666666667 -0.254166666666667 0.145 1346.65684 702.400623 9.83431237505511 -0.3225 0.976
1.97588509439099 -0.135833333333333 0.0025 0.0925 1545.82554 773.408981 11.053632952344 -0.289166666666667 1
0.976526652500115 -0.446666666666667 -0.270833333333333 0.06 1313.58054 657.355346 9.69502082827801 -0.419166666666667 1.012
0.946336867201586 -0.3075 -0.176666666666667 0.0075 1394.73854 726.423763 8.54511589385965 -0.786666666666667 0.953
4.97461916626739 0.450833333333333 0.105833333333333 0.365833333333333 1649.87824 825.442206 11.7684204716986 1.15416666666667 0.929
4.18517097157025 0.095 -0.145 0.478333333333333 1426.66224 742.388583 11.6515910241005 1.195 0.929
3.94476259628151 -0.0616666666666667 -0.2975 0.431666666666667 1317.59024 687.858273 11.0810974411231 1.27916666666667 0.918
2.97557449051758 -0.289166666666667 -0.19 0.250833333333333 1368.74424 684.923401 11.8230626848527 -0.69 0.99
1.97557765278524 -0.525833333333333 -0.361666666666667 0.195833333333333 1244.57644 622.846306 10.8053935283569 -0.4375 0.941
-0.0539683133272378 -0.0991666666666667 -0.209166666666667 -0.0458333333333333 1429.65664 743.877183 6.16117668150595 -0.3525 0.965
-1.02331172102786 -0.124166666666667 -0.51 0.0266666666666667 1227.33644 614.314406 3.74997247561585 0.175833333333333 1.03
-1.05396515105958 -0.475833333333333 -0.480833333333333 -0.0533333333333333 1212.42654 635.328998 3.7499884801487 -0.630833333333333 0.953
-1.02252118551735 0.210833333333333 -0.5025 -0.000833333333333345 1319.36844 660.285861 4.10923797625479 1.58833333333333 1.224
4.97556816598226 -0.0141666666666667 0.095 0.4075 1559.95744 780.442306 12.8136361322823 0.161666666666667 0.965
0.976371350563413 -0.0841666666666667 -0.303333333333333 0.0758333333333333 1375.66424 688.357241 9.53730087392893 0.085 0.906
0.976990297233301 -0.16 -0.265833333333333 0.110833333333333 1355.55954 678.375126 9.69502246034406 0.0975 0.941
1.97588825665865 -0.483333333333333 -0.230833333333333 0.1225 1336.66174 668.897716 12.5000711634761 -0.7225 0.918
-6.02132355040692 0.625 -0.06 -0.595 1771.76424 886.330316 3.22362566554997 0.285 0.56
5.9749437959678 0.505 -0.36 0.785 1309.52904 655.393526 11.4996122171604 2.34 0.988
-0.0228349516584176 -0.1325 -0.270833333333333 -0.0558333333333333 1412.66684 706.865746 6.44727085578445 -0.34 1.235
2.97572979245429 -0.419166666666667 0.0591666666666667 0.12 1527.99604 764.454346 12.5164608828312 -1.5275 0.976
-1.02252118551735 -0.34 -0.388333333333333 -0.111666666666667 1283.49044 642.369506 4.10923797625479 -0.274166666666667 0.941
0.975891418926308 -0.173333333333333 -0.2375 0.0391666666666667 1384.60094 692.888406 10.5499991946977 -0.425833333333333 0.965
0.976526652500115 -0.183333333333333 -0.323333333333333 0.128333333333333 1329.60294 665.408636 9.69502082827801 -0.343333333333333 0.965
3.97526072437652 0.473333333333333 -0.513333333333333 0.713333333333333 1227.33724 614.330596 11.2783537870744 2.35666666666667 0.953
-1.02173065000684 0.193333333333333 -0.1025 -0.191666666666667 1561.77584 781.393196 4.31195937388877 0.119166666666667 1.447
-0.0218891142112063 0.361666666666667 -0.191666666666667 -0.0641666666666667 1525.64374 763.378931 6.52202731170022 1.31666666666667 1.059
-3.02014325445051 0.514166666666667 -0.314166666666667 -0.284166666666667 1517.53144 759.334386 3.85106301153809 1.70333333333333 1.741
1.97793297241285 0.538333333333333 -0.173333333333333 0.133333333333333 1527.62284 764.395986 12.0231009513068 2.51916666666667 1.012
0.975891418926308 -0.369166666666667 -0.4775 0.226666666666667 1163.29864 582.311996 10.5499991946977 0.260833333333333 1.024
-0.0241054188060313 0.0508333333333333 -0.424166666666667 -0.0208333333333333 1308.41334 654.830761 6.09998232888297 0.324166666666667 0.988
-0.0233148832955223 -0.166666666666667 -0.360833333333333 0.04 1328.52374 664.807916 6.33872489404841 0.256666666666667 1.165
0.976681954436818 -0.03 -0.294166666666667 0.130833333333333 1376.57124 688.829716 10.397759515338 0.909166666666667 1.035
-0.0241054188060313 -0.118333333333333 -0.433333333333333 0.103333333333333 1292.40634 646.760971 6.09998232888297 0.600833333333333 0.965
5.2153553335242 -0.0508333333333333 0.00416666666666667 0.4175 1532.00234 766.424736 11.4029108147063 0.0391666666666666 1.012
3.97605125988703 0.158333333333333 -0.189166666666667 0.321666666666667 1423.72204 712.440801 11.2482055460215 0.855833333333333 0.953
-0.0547588488377468 -0.739166666666667 -0.500833333333333 0.0966666666666667 1128.36984 593.291363 5.92253937403293 -0.6625 0.941
1.94507952469023 -0.371666666666667 -0.250833333333333 0.135 1358.72364 708.396698 9.83324431942097 -0.725 1.059
-0.0230065404990384 -0.346666666666667 -0.370833333333333 -0.0383333333333333 1310.57444 655.860466 6.40878378972325 -0.5075 1.047
-0.0234701852322244 -0.416666666666667 -0.300833333333333 -0.09 1336.59694 668.884791 6.33736880256741 -1.06333333333333 1.024
0.9458732224684 -0.225833333333333 -0.216666666666667 0.0858333333333333 1398.66074 728.347203 8.54512286286051 -0.185833333333333 1.012
1.94507952469023 0.0758333333333333 -0.429166666666667 0.305 1293.43804 675.803703 9.83324431942097 1.60666666666667 1
0.945082686957891 -0.230833333333333 -0.390833333333333 0.0808333333333333 1299.55104 678.868828 8.54517898495485 -0.211666666666667 0.988
0.45703596147186 -0.0341666666666667 -0.12 -0.0533333333333333 1488.75244 744.919701 7.71297658370646 -0.726666666666667 1.012
-1.02284807629468 0.258333333333333 -0.5775 0.0741666666666667 1267.28964 634.264601 3.84997403782626 1.53583333333333 1.141
11.9739930107416 0.6 0.1 1 1556.10444 778.582316 11.8416664928825 2.29 1.012
2.97541918858088 0.4575 -0.59 0.6775 1186.24134 593.799131 11.1030807050134 2.365 0.965
